266
7653
4863
3851
8566
6155
3003
7246
8938
975
7108
4786
12194
8394
12882
9687
8122
8206
1207
4775
4327
2755
3399
2838
9389
8796
11853
11999
8292
8946
4262
10400
10472
7546
2348
7531
12149
11201
11619
8617
3778
7971
5418
4838
8170
11641
6373
6258
4526
2316
10740
12649
1960
3435
5945
9309
7568
9900
11628
2681
5829
10056
5841
3481
7952
10148
10242
10125
7226
9260
4094
12072
1031
1488
151
4888
9965
11985
1871
5132
8519
221
1024
3677
9068
13655
11153
1805
12976
456
8456
540
12525
9460
13559
10741
466
1679
2594
3372
1829
4200
10920
770
9455
13742
5333
1664
9200
11241
5413
2546
3546
6753
6789
10272
11165
10023
783
2871
8463
9061
2419
8452
8464
7968
4450
12334
2256
3978
13337
10214
5550
8561
11418
955
13071
2570
6362
11973
1556
5199
8825
7064
10902
8746
12984
49
6921
5559
4652
3370
9611
8234
11992
13802
9848
4207
6517
10505
4484
2255
324
6168
3589
7331
6843
12852
7129
4701
6510
9413
12073
13099
12220
10294
10286
4329
758
2582
4708
6485
2824
3358
12206
5195
7854
3739
6549
822
5377
8405
2010
12728
11297
7507
7930
6191
2488
8098
8636
2955
5872
12002
5478
1171
943
3276
3138
3126
9989
11040
10995
9248
11045
10792
313
6078
3490
2655
4192
92
1172
12215
6587
10643
1559
999
1066
13384
1437
7145
4419
1573
5030
12410
4259
7101
12398
4623
13081
5321
11325
3250
6048
6253
6369
10365
3949
2118
1659
14028
243
7163
9049
8100
8580
10751
7496
8630
8418
4203
4265
10460
11640
8763
11013
1121
330
2522
281
8657
556
1580
3628
4007
11263
11306
6917
6996
5412
3985
6429
2587
11360
11735
3709
4144
5380
6782
13721
7580
8431
11887
5331
13985
6721
8302
3517
6522
664
12742
4184
715
5819
10703
2578
6672
6384
7023
9326
3745
12236
4372
6744
8666
6891
4799
9992
3718
7994
1189
10637
6472
2813
8945
11777
537
4156
4039
2670
13693
3128
6089
12985
13413
9968
10546
6760
11741
5793
4412
2979
3269
10752
2736
10921
10551
4680
11476
10123
3987
4470
3271
1462
11781
713
337
11581
4059
11860
13597
11778
12676
3284
8389
9392
9841
10598
7703
13238
2279
1432
4443
6781
5948
12894
13654
12794
3905
12823
3455
12427
9410
7865
1084
10870
6887
12941
2949
6650
7494
58
2130
10708
143
7011
11323
5754
10732
10745
10119
12306
425
5476
7017
10735
9586
6979
521
781
12630
10228
6313
13765
13149
8063
4424
7658
12534
3310
13393
6735
3095
12919
11012
2569
12232
4202
3604
12737
1365
889
8123
3558
41
12074
1834
5217
4613
12321
7525
2538
8831
2506
7456
12107
5337
13877
11516
11218
11053
6874
527
9057
5398
5549
4229
10378
8422
2997
13316
4222
12449
115
11362
13086
9051
11609
5772
1010
1431
546
7700
10113
568
4214
8486
10880
5864
1499
13320
3175
13545
1041
1077
5771
12081
8619
2887
5876
4145
13786
6015
12129
3578
7883
10969
3350
2238
2945
10957
7748
12757
11359
12920
13288
3218
5440
3552
1987
7989
9191
7911
8393
4284
1938
89
3936
8511
9240
5390
3367
5275
9763
8150
8219
9287
6019
4768
852
3327
8477
7267
1736
380
12499
5926
5485
4009
3755
10707
3214
1965
3039
7970
3496
38
10197
13666
4468
2530
8517
11458
7464
10238
8522
13669
2211
539
5361
10070
1878
3913
9006
10393
8936
9568
9244
3721
10299
10545
5112
11052
6410
7118
1728
4856
12831
12042
7901
8986
1983
9648
97
1980
634
12849
13663
11414
4355
12704
9249
13120
12690
4603
7676
5076
2018
12057
2946
10292
13992
12415
6840
13797
9621
13895
10229
12148
13469
9708
11120
10217
10835
706
1372
13970
13143
3673
1505
13401
9322
3103
1222
7465
12527
6229
136
10034
3643
1464
1508
3940
13100
1027
13132
8249
840
4245
9737
9967
1174
3172
11717
998
8527
3478
236
764
11681
5001
6087
1725
8609
4621
4107
3821
7918
8130
2505
6199
9393
11368
11661
3079
7698
6035
10877
8708
9037
1110
13687
8440
12349
978
11110
10138
10856
13752
10830
2357
2451
7608
7260
12141
8497
13579
10878
7323
3909
13534
5426
8927
3288
10517
6557
4211
1184
3794
12989
4297
3971
12677
2592
2960
1814
9983
5392
8370
8125
9075
5260
291
1849
182
5420
498
9475
5272
2284
8801
5020
5078
2799
2253
7436
8345
1506
4939
2203
6031
2292
7487
12817
7308
12478
6125
2909
1824
3097
9486
5341
13334
3131
7544
12332
11276
1452
10474
13640
7566
12606
273
6962
10538
5936
4980
5942
2240
8917
9109
4117
3098
7340
6196
12518
6893
4544
13831
2533
2664
8160
11634
2363
4130
7991
14093
8508
915
10341
13494
2521
1601
7270
524
12191
7527
10499
6315
5003
10382
5889
667
3180
11354
2612
9032
720
9921
13091
8192
11899
4705
10354
1147
4665
12853
1430
13067
5130
12352
448
5181
718
10135
8009
5041
6777
8665
8787
12638
1800
8448
13482
8396
10122
10859
11229
13606
11997
11155
12571
3852
4173
8325
9242
3585
247
11108
7013
8438
11026
5262
632
6404
12466
1155
1021
4964
9101
7896
5067
3593
7391
6613
13239
1105
9717
2395
1734
9054
5990
10330
7610
1455
8663
5731
183
9371
3166
2669
7254
13090
11933
7720
12046
3920
5474
12319
5484
1055
8461
5114
367
5490
13021
1837
4797
13218
11814
12353
11803
11688
3951
3719
5127
11585
8457
9018
5183
12383
3394
10614
199
9284
1641
8493
2558
75
5352
3391
5523
9850
6368
6798
12627
433
11977
5712
10671
7174
6548
9457
11245
8071
730
163
6425
10629
7110
11033
6066
1052
7102
10599
13412
2914
8367
2077
1647
7504
9860
1634
2791
6499
13011
8498
8415
10108
10811
5621
6511
298
9067
8579
3125
357
9682
7576
9966
3254
9444
3053
7935
6073
5840
6012
7183
1023
9297
13487
8821
5444
3649
11178
3426
9918
3482
382
4323
2370
6294
8858
8847
6029
13243
12774
4175
13302
2822
9803
2545
3737
11756
10891
12288
2770
2369
1149
3944
10975
8965
15
4251
10438
1973
175
12204
8118
9590
10714
12880
11079
9871
573
6418
13244
542
5081
3989
9877
2626
9652
610
13647
4037
2393
10475
5979
6123
4801
8491
4584
6215
5221
12572
13285
10215
689
7607
10130
9213
12310
4278
1228
13123
6246
13047
4420
7878
8282
9569
9610
8557
1206
10257
4928
6187
12568
14105
10403
9151
4104
4160
1285
3871
5002
3902
9033
6808
9342
310
7551
13333
2199
4554
8962
13691
5814
11349
9323
1686
13192
6440
4716
10924
5698
4256
158
679
7468
7098
3136
1562
5586
13007
8296
9645
8412
2883
1787
5714
5213
6011
6752
5306
13263
4429
11302
9050
1076
8299
3491
5547
8620
11207
8143
5598
8967
950
13860
4116
3772
13364
4655
10344
13163
7287
6958
13106
10610
7196
2187
12867
37
9566
4283
12010
8741
10327
1325
3130
12702
6871
1639
1993
1833
6801
12793
13650
1073
3466
10987
7560
2094
10982
8960
844
9988
12147
14084
11846
10948
14031
4333
12145
8202
10528
3119
3605
8815
5791
7609
4818
6873
6671
13420
4523
9142
12289
10337
8081
8126
5286
11677
8471
12521
10248
1216
10564
1283
8843
13484
4112
10596
2792
5279
614
6346
8153
13008
13349
4311
0
2952
3624
4015
153
10184
13747
594
3563
9755
3689
7053
6831
12210
12698
3217
1514
12486
12038
4845
5667
7951
11445
9082
10089
9
10822
4981
11918
194
3613
4669
9594
2718
2144
13675
455
778
5589
11964
7318
7173
6506
2840
4976
8022
6820
8833
10665
2683
12564
11485
7212
13283
5503
10942
13953
4482
6897
9987
6749
8897
5954
4404
8954
1392
13635
13664
9441
7558
8157
11821
717
9920
6008
4959
4093
3194
7314
5513
7376
5434
8011
811
12600
4642
12031
2866
2720
4492
6646
4078
3242
6583
11454
8455
1666
11872
10256
3392
326
8560
6877
11299
11565
12715
9847
3409
1598
6657
9390
1060
6763
4199
8335
4340
12991
11669
4777
2919
8466
13536
7490
4610
6350
12768
12619
636
11345
11491
4924
3266
7726
5902
3523
10566
2536
2910
13982
8241
12209
9448
13513
3703
5556
3825
8890
2845
13161
4332
11861
12822
10415
7919
4198
4628
3105
7826
2971
10216
12951
6353
11355
13488
6459
8459
11695
1862
5225
11963
4764
604
4609
11017
8433
12483
7147
12425
8934
4733
12771
10519
4475
1575
5000
5964
9483
3667
13958
9884
11679
1417
13491
3836
4224
2416
971
6932
619
2751
8629
9276
3848
13590
6218
3514
8851
7107
6114
2620
12464
10988
11424
13025
13625
222
9465
3486
7419
3233
4409
7794
2928
5296
12685
11696
13904
8716
6785
5627
5389
3983
10383
944
7104
5755
12187
10073
217
3115
4218
13068
4645
4995
808
8049
1340
3336
2772
8703
2610
9564
4100
1693
12360
9409
7402
12452
13882
4538
10552
8739
5643
6462
2607
1544
2216
11409
7654
3796
4824
2445
4672
12105
2479
7055
10462
11519
705
5859
3408
8047
12929
3714
453
12887
11594
13834
1109
1376
13020
157
13736
1327
9637
3883
9712
644
7592
5845
7202
8992
11216
11951
878
3965
11970
12424
2137
2298
908
11793
12365
13724
1185
10734
9398
441
7155
13153
4507
5952
7651
11000
628
8079
976
3484
6097
9937
9186
10081
5102
6050
232
1196
5338
4530
13796
7160
1469
3220
13619
11222
9469
12253
10901
3941
255
8220
1921
2648
13390
7332
13921
13854
6779
10213
3060
4823
7435
3679
11031
3761
10760
12954
10862
7164
12294
4294
9577
7037
3088
4248
10872
12113
11320
4382
9030
4020
11651
7018
11901
11281
1687
926
5063
6761
6099
5784
1688
10425
11579
7632
838
10061
8087
4042
9549
359
5307
7786
4378
10102
1555
3704
3439
3616
5905
10774
13680
5968
13034
5126
8344
2916
2386
645
1709
12040
3494
10736
12908
5970
9827
2214
3885
4744
8988
592
12603
1349
1133
5579
4644
1839
2677
10797
4715
11642
10912
7731
13366
3330
7788
10981
907
4490
6166
3665
3325
6263
164
13951
11995
8761
9345
6349
525
9320
5561
10031
2096
4852
12710
13768
293
3933
13439
8641
6098
4870
2711
1619
1841
8686
5815
6995
10790
8955
3581
2920
4682
10042
12903
12829
9557
5974
8865
12936
5084
11564
8132
2401
2881
3904
3361
12911
4923
9000
454
3352
6578
1061
13269
5705
8416
8271
12827
11270
11988
1438
203
12207
10587
13088
1540
8578
10744
6380
3182
5679
7262
6023
5981
7776
6880
12993
3285
10574
6725
7833
7131
7559
13187
1352
7407
11475
4758
4264
6521
7227
13284
7251
12639
5460
1383
9449
178
7869
2389
11746
13618
6788
8977
4876
12435
10193
11184
12730
10761
5787
505
2159
5360
9494
4920
3867
13203
10357
4021
8360
9353
5228
4051
8131
5239
10875
3016
1620
4528
5687
13097
7851
5636
2106
3859
12645
5763
4308
5639
7283
4681
9080
309
3958
7961
2089
7457
1332
8696
4395
7664
3860
13973
5316
2271
9607
4442
6748
11093
7907
11038
12869
1632
8368
904
8000
8516
231
13607
13497
8287
880
5971
6295
9131
12909
7834
1459
9887
818
2719
2957
8356
3777
11100
13641
589
10817
13146
12987
11287
1258
5996
2692
11770
4746
10709
13327
5937
9381
4326
4312
14061
8911
6935
13331
789
7133
2973
7259
9716
10066
10730
12566
7920
3260
7535
2190
7058
11812
5180
4001
368
4268
1863
8162
11958
3724
5768
10533
12080
6635
729
8119
11405
842
11298
392
4590
3766
7541
2516
6392
875
13795
13701
7922
5447
11174
12510
486
10088
2477
10048
1554
3759
4474
4972
5405
5210
7398
10096
12272
5563
24
6252
4977
6446
12198
9394
1543
7910
6069
9453
7286
2275
5073
6205
8543
5069
8535
4710
13818
6400
11353
113
11528
3012
5177
10581
1627
13599
2560
8017
5934
8577
7684
806
10897
12762
387
1976
4581
13039
9881
5178
6567
6226
4815
3858
853
2405
1042
6609
9878
5340
12276
10860
3287
1177
2158
1478
4242
4118
6259
9029
1139
2286
7634
12193
13155
747
8506
10079
11596
3462
10914
2189
1384
6036
3926
5188
9814
2345
12725
4802
12642
2554
11380
2783
2394
1609
5522
6516
11952
6437
2145
8603
3108
1723
1388
1098
6696
3322
8807
3809
7010
9644
10481
3449
1747
6476
2102
958
5875
2701
5955
2810
9188
7146
11719
6188
6438
1123
10399
11898
13260
4728
13311
4961
6028
7760
11058
9472
7185
9535
3842
460
4919
11761
10185
6588
7626
8613
954
3080
25
5027
1059
6283
9793
4754
13867
8643
8398
14040
6282
6304
8077
12168
238
5900
5483
339
12847
2678
8382
2453
11875
956
2141
13870
11134
3342
9377
2710
7771
2248
5899
6248
12301
5407
2243
9183
4194
11589
11131
5040
10142
10443
11233
1949
1143
22
2131
6479
12390
3824
5976
1362
11613
10390
234
5248
1106
11322
7228
2091
4932
11892
4288
8133
2588
6913
6590
10605
35
11921
5616
7987
13425
3402
10305
10487
6225
8704
4292
2689
3508
11210
8769
7126
12283
5249
8245
304
2268
11979
12865
10456
2882
3754
12429
4909
13130
13319
4368
11541
13539
405
901
3919
10628
1439
1653
2577
2514
5064
13124
3446
12977
1884
7944
2951
12313
9839
3769
10494
5192
9199
5638
10710
13196
6684
12120
909
7554
3722
3603
9896
9907
5520
11833
9232
12157
1290
4722
254
8341
9509
13815
5205
12472
4135
5794
10673
5856
9485
2699
1509
7570
1154
6652
7431
7050
5504
5620
2688
11971
1512
8921
9324
8949
11748
9760
13686
12731
8015
12049
3416
10595
2821
8723
1848
554
4552
2217
1926
9617
7451
1822
8375
13355
7550
8987
1224
5804
13423
13543
12015
3701
8743
6110
11602
11384
1114
13035
831
3872
5721
4849
10718
13660
9686
9934
5957
55
11472
12569
11698
5281
1751
1817
361
9910
8652
494
14100
12155
12229
10621
3299
2177
1698
7732
2138
11136
450
9476
8135
7208
9808
905
12461
1710
6677
12328
10559
2303
4738
8675
12151
13156
5830
3225
4053
2862
13229
3528
10054
10668
13540
4826
8142
9570
4158
5145
437
9713
13252
3844
7019
10556
845
2924
8785
9994
13276
5095
1307
1266
2471
9545
12944
710
6770
6797
13723
8189
11191
11750
6320
941
10372
12935
9294
20
10311
7934
13838
13582
10260
6800
10960
2586
9559
3749
8275
347
202
6393
138
7021
10452
10977
8479
7406
11001
11744
12016
2665
5573
8168
3962
8998
5366
7738
10678
423
308
13929
1
12551
2223
8258
2839
13246
11097
1669
5713
3188
10947
661
11931
2434
5617
10252
10133
1238
10544
581
5809
4668
6238
4196
12219
9748
7060
2752
1040
2785
6000
1187
12750
8892
817
12516
9855
5766
6396
11704
3924
4003
14068
12034
11545
6242
10220
9365
7938
4675
6144
8872
11631
7241
2215
6559
10689
373
11381
535
8146
5704
5674
2547
2135
12346
3418
5033
11716
12635
3782
8755
13147
9280
9691
3263
6794
5173
2730
8920
5790
11164
3443
5551
11048
6878
8085
2734
10053
11956
5648
3067
11410
11158
10043
7545
1996
8618
4579
6279
6167
9026
12604
4476
13481
4978
241
8020
3968
13181
8070
7810
4709
6293
6950
2541
5070
1823
1313
12385
9723
11859
6702
1489
4064
3024
9997
2378
5012
1182
6181
7195
10280
2896
8208
11902
6538
6784
10000
8857
8488
10645
4349
12741
5414
7983
10961
10850
11891
67
11620
12431
8654
4892
2744
12933
2364
4769
1445
1623
4205
10640
8028
9231
4347
2344
10547
4489
6500
8086
8599
7141
8981
7530
11709
3773
7086
12409
11919
12833
13505
13678
2598
7198
3362
4943
1167
10956
12792
13461
12950
10688
1516
6812
9412
9196
14083
4238
6974
2127
11996
4595
7849
1482
2557
5718
375
13842
6018
11529
9299
6718
7252
8228
12786
13278
13070
9926
5949
246
12585
10849
7948
3580
4227
13588
4918
146
13552
2415
7624
9102
2696
6754
8041
13442
13637
11289
9369
10567
5781
890
2218
12357
860
12626
1162
6849
2337
13810
4231
6088
6560
9255
11257
2959
11098
3428
1018
846
5874
12413
11099
859
2846
13448
42
829
2611
13258
4862
11116
4895
2941
913
5663
11852
13421
3437
5402
6157
213
7045
977
9173
1089
2640
1731
11878
5059
1651
2312
10212
8165
2513
639
7371
5726
5242
12379
12839
193
5311
3476
2832
12027
8744
4380
8537
10470
12101
10796
7639
4054
11448
8256
2680
1099
1441
319
7967
1526
4071
13144
11427
2808
8443
8204
8421
1732
4032
4599
9071
11504
9086
12437
635
9003
12612
9679
6142
847
11590
4031
5497
1130
259
9780
3849
5722
701
4280
1434
8339
3375
1700
11646
11104
6466
6212
13370
1188
252
948
9424
257
6141
6767
10480
843
13737
5477
12491
2472
3335
3646
1695
13191
12277
11258
7386
286
9647
5482
8403
1424
13553
7409
10058
813
6200
5725
1168
4814
6184
11496
1131
2191
10570
8932
820
3017
2185
6032
4819
3116
6319
3272
6751
5629
7831
12559
9995
4894
3622
8520
195
2968
8925
7621
1869
2644
2729
917
13865
2938
683
2876
4401
5685
11847
2660
5886
13681
12765
378
12292
5881
4560
1344
528
11557
12608
7458
2888
11260
1579
1146
11627
13343
9222
930
2396
6460
9897
11370
12188
12170
13806
8139
10288
8104
7969
6846
6542
1443
11567
13064
3696
3030
4344
562
6829
11622
849
9013
6055
11443
5050
11423
9431
7889
5230
13406
11439
10477
4146
8203
9237
952
5761
883
7589
10523
989
13495
8407
3597
8205
13280
5125
4512
13817
11827
12110
2064
11219
803
9059
7249
10015
3072
7972
11915
5011
9904
10554
11904
5839
6147
9041
4396
2123
2599
10362
9858
11170
2482
4622
3068
6189
11856
11871
4679
4783
9288
91
7234
3520
4570
9282
4240
6075
11927
12417
9772
10536
14115
6103
3746
3532
3894
9020
6503
7360
9266
622
9001
6431
7881
13975
6133
7835
5812
5499
3381
5635
5466
4962
9635
8088
13755
13204
6539
4052
12588
7666
3588
274
5236
932
4763
13822
1835
8231
7625
578
13069
1195
3685
10275
10428
11046
7076
3626
8684
1678
9864
10842
1245
10405
3813
6586
7230
10147
12641
1642
7039
9507
5658
12770
10014
9034
11869
6498
933
6572
6861
440
73
8236
11721
8530
1771
3332
5381
4578
11525
12699
5632
6765
4431
9906
2525
6047
2617
1020
471
7508
1591
6580
12233
5042
4152
3093
5752
11415
10928
10055
4587
12300
12980
13498
9515
12664
9400
8226
11611
13941
10077
626
10983
10324
861
10224
7988
2809
12816
13847
8010
10198
3943
3495
5358
5315
7346
8476
13698
11762
5491
5151
3183
7671
125
7555
12633
7190
5558
12780
13826
2165
451
4568
1091
6121
9501
7549
532
10361
7604
5475
3802
3133
595
8534
4831
9386
10069
10542
10265
12213
965
14022
7244
4851
12735
7816
8182
7261
8717
8712
13636
1550
3282
2819
1093
5140
2205
3707
10575
8221
9853
5631
12249
1985
6980
78
12732
4557
2789
1966
7358
2743
8210
196
12469
12144
5678
12171
12873
711
12456
12454
4563
5155
9529
993
1922
4847
3164
10137
12530
6948
5890
2309
10550
3767
11056
7290
11441
8687
2072
9866
8413
810
8385
101
6984
9357
5443
12036
9823
10693
6732
12597
4441
6972
2805
9156
4279
6703
13479
7247
606
5792
5029
10561
13845
6284
8326
13754
3142
1048
8914
90
3170
2349
2473
4427
8669
6502
4601
5271
3870
14046
5104
13398
11113
7231
895
2206
10237
6275
13063
295
13
6491
4466
4820
2107
1457
3540
5946
11335
12837
10384
7397
9378
9670
4535
7685
5488
3832
5574
7674
9642
12826
1721
902
4055
7325
3406
10158
2679
96
4774
2605
7306
7046
4787
12196
1631
13162
3157
2993
12821
5710
13621
11461
4940
7303
4661
1056
3854
10176
477
9832
3425
4263
13233
3037
918
5567
12672
12462
3547
5885
6905
11562
7813
13677
2222
10814
1011
11434
4505
11866
438
6004
7584
548
10284
7079
10588
11481
48
9879
263
7272
9869
14059
3253
745
10992
6001
6750
4713
13522
2373
13275
4270
1652
8128
7593
13594
3479
11181
6132
5910
2962
5958
2645
3784
12898
12900
10003
13129
5237
11396
7599
8110
5760
11592
11747
7825
7613
13591
1566
2210
11710
1472
4719
4082
1263
13812
13940
5122
11556
772
13351
7123
9419
7667
2329
6136
3304
11742
13733
3106
269
10919
588
12707
4660
4183
13766
2566
4473
7659
9113
9408
3112
1493
12716
7838
8607
8496
4784
5506
11969
13213
3999
10306
11382
332
2198
11908
2854
13377
3530
7642
5651
9785
9085
11604
14050
4753
13758
5671
1180
2163
5892
2427
11907
2732
4085
9641
7675
2844
1690
8279
11351
6220
4930
11430
13457
8532
8961
6653
5596
6898
6904
6852
5699
3388
11511
12025
4061
1253
13415
11161
6562
9038
6243
12910
5888
8353
1702
5858
8121
4859
13554
4846
887
445
5083
4699
4878
9769
13874
17
9758
11329
1515
5231
8094
8541
13356
9676
5449
2768
7893
9445
1791
5253
10753
13255
12441
2518
2082
1574
7548
282
1511
7339
1456
2917
9313
12013
1151
8610
4778
5196
5061
9279
12805
5647
10021
11501
7937
12489
6016
10617
13813
12988
4048
6186
13907
6239
13131
7338
1170
5147
8912
13617
10065
3179
12719
12907
9754
6129
13121
4687
11616
13547
13520
911
12293
6956
6298
7043
12216
6540
7440
13026
14109
4533
10300
5908
5746
5498
176
3099
10871
1138
3000
8216
9505
8052
2726
9349
9190
2230
5684
500
2169
3592
4281
8804
5193
2565
4377
10509
12439
1136
2117
8190
1280
11526
8252
12529
7276
5065
11984
1465
3356
8839
5618
4979
2404
5187
11531
9636
10669
11279
205
13270
13702
12599
4213
11490
12787
630
3857
7882
1860
4673
14099
5075
8093
4174
13776
2849
1083
13458
5833
122
7469
10191
1672
4461
11636
13432
2966
322
14079
4776
13894
123
3363
6822
12934
2885
6773
10180
1715
10838
7467
7943
13823
3760
6370
13749
3912
8295
3788
6484
2323
3401
3252
10466
964
879
12946
6414
3742
12884
6967
2702
10558
5124
2812
13855
2353
13031
7763
3693
677
1063
10747
9940
9084
10765
9098
3465
12631
9396
10126
13274
12214
9957
1158
2245
7842
4857
10932
985
1115
13824
2982
9704
1067
9108
1254
10303
10083
8319
9434
1460
2465
6360
8378
1087
9709
340
11238
12507
10131
1248
11577
7423
1019
7459
6025
9825
2132
8004
2384
7115
2487
3641
4542
87
8817
10836
10352
12862
11420
11593
2220
9094
13535
5838
6811
4090
3961
8995
8306
9116
2354
2326
8898
8177
1691
4074
1535
13117
11950
9886
10059
6969
3907
7439
9096
6699
1677
12052
6071
10954
11675
646
12721
11775
271
11367
7808
8759
4796
2878
519
9597
6851
3505
10606
6102
5985
12259
10738
4522
1961
1112
12661
2352
6528
6403
11020
9404
9715
3652
3400
12996
11947
2782
5903
4143
28
11145
4737
13905
5694
12745
9005
8276
1568
3040
4893
5947
4331
912
987
2704
4114
1900
10444
3934
6289
5261
3846
10879
9663
81
10927
7295
13019
8634
5865
3235
11128
11982
11268
3663
11148
1875
1600
492
4653
12355
10457
6526
1341
8281
5240
2584
1451
5849
12237
4322
4576
4750
8529
5325
10071
1706
6351
6
8806
6619
9519
7956
1992
5010
8608
12727
7984
11573
11288
13254
5810
6180
5604
4556
9668
2092
4366
12217
11638
2497
9135
12574
5569
1104
3152
6409
4748
5153
5691
8864
2725
13630
611
5044
5091
13988
3886
7177
696
7277
740
11308
3343
7853
13002
12718
11569
4070
11673
1951
5259
7563
4910
2816
3662
13363
1501
3736
6206
4236
9126
3869
734
9762
5309
5152
10622
9861
9437
2758
13060
11364
3456
6450
700
7505
3781
1219
8868
10873
11144
11527
9616
8783
2994
5599
4092
11377
11399
144
7394
5728
12607
10657
10080
13473
12218
6902
13329
10249
5348
13804
12519
1820
7489
4927
10852
10412
11877
9130
13383
7483
3239
7875
11830
13391
8178
5383
8842
2113
9243
6170
6236
11121
9181
12830
10235
3549
11209
7819
3092
12393
13041
3261
3876
10027
3129
8336
9582
13486
3156
5157
8721
5431
7705
8923
11879
4126
14033
7929
3937
11070
4258
12505
4945
4643
11005
1932
3963
12474
7279
177
47
14060
7192
4745
3334
2604
13450
11060
5843
13221
2864
13440
5975
4817
4825
5871
13455
6439
4747
9492
2338
6660
5803
9593
2818
5998
11172
13570
4481
5048
6014
8860
3244
2276
13564
13809
833
3493
2939
2652
7740
12064
10549
7400
9874
12889
3901
2807
13003
7739
2450
3678
3331
2827
6888
11228
10926
5176
8332
10232
10630
5662
2798
11473
13807
1334
4077
13961
3638
5057
10411
198
10315
5197
394
11548
13066
4356
4321
12132
12686
2310
6597
3281
13504
3009
14039
12014
11363
12063
4451
7628
9553
6496
1486
5762
10194
6286
12494
12368
9360
641
3762
1062
3212
1730
6081
9265
873
8881
10940
1718
8850
10939
6680
1315
10686
5962
3267
10722
2983
12992
800
11834
7620
2996
13883
3697
8019
6324
8297
8637
510
5374
2766
2886
13658
13225
10918
5707
3357
369
8645
414
13300
6512
6231
3255
1156
7887
8725
8451
8317
7499
4925
1318
5939
11880
3691
7755
10769
12178
839
12442
2511
10230
12378
9732
2761
8032
1079
4898
8298
10139
2418
7411
1475
12591
1492
1086
11845
906
11736
2794
13571
10464
6764
11733
6256
3553
13279
2579
8397
7583
12651
7328
3609
13083
5709
13451
10038
8510
1335
9560
7068
2166
5465
7817
12007
4406
8737
1578
9727
1471
2954
13152
2963
1299
12709
1427
10041
8951
10579
10799
1227
7778
302
5495
12973
9267
11319
4656
11484
11576
7482
2836
12605
12595
10446
2121
3992
9828
10016
10683
377
406
11278
4448
9840
9459
11432
3393
9077
11035
7501
4697
6358
3841
5697
99
10325
5920
11087
4302
5305
6533
5578
1371
12460
10255
12146
3430
2583
5907
1582
5823
4657
7030
14026
13168
11468
10684
7324
6594
4128
9674
13685
1545
8414
1244
2697
8814
855
12433
9318
8354
6160
8243
9908
7450
4246
12904
5297
12280
9899
2619
9221
13746
13109
10639
13139
1204
12432
4614
3864
12463
12411
4990
13562
9456
8676
7939
6545
5825
13620
7022
7321
6452
5424
7722
6183
6836
6645
402
10121
11456
12281
2269
11477
863
4974
1597
9174
4577
4854
7111
8147
7009
11365
10934
2815
4179
6903
1850
3837
11990
5748
10979
1668
4835
1231
7582
6113
6342
10905
6287
10715
7327
1276
7885
11851
13792
4456
7248
894
7858
11713
4805
4879
8651
9023
1638
9422
12634
13933
5584
4452
6640
12006
7690
8531
9999
14067
7902
6458
10448
5778
4926
8180
12271
13078
6823
10970
11925
10998
5368
586
10589
5043
11096
11911
9328
11991
5339
9538
7007
13896
6471
10962
10098
111
331
7846
983
591
12659
12242
1504
719
10025
4810
4880
11137
1193
12901
7662
5738
928
12915
9138
6042
7388
1494
12790
12248
8875
8288
11039
735
2651
8176
10498
69
6637
12509
7149
2162
9572
5245
8222
12503
5987
10572
328
9257
3264
6927
2382
12689
3560
4561
1379
11310
3840
12916
12876
8947
10846
2820
10959
8384
1865
8322
3574
8419
13080
11946
12872
6992
10656
13177
11285
4390
399
13135
11393
2095
4216
7243
3812
12251
5255
11787
11003
3433
13321
9205
6002
5820
2606
7532
11083
9646
2249
4487
4502
8331
9004
13523
8674
543
7727
11893
5393
3292
13453
5660
5921
4453
8357
12956
4479
1967
12614
13586
867
7282
396
6870
9976
4449
968
4154
14089
5367
13968
11214
4233
317
7179
7154
773
4084
6614
13418
11512
6040
2601
2509
3319
1209
5759
3066
5896
1423
3645
13266
3346
8548
2200
206
7823
10899
1665
1947
7420
13059
7393
9924
3464
10497
7201
788
10787
13159
12850
10251
6495
11479
8593
12776
4040
756
698
2913
4440
6997
6171
12174
12169
13614
4503
2659
5438
12473
3817
11976
559
8862
558
12498
4027
1649
1286
712
2630
9734
11905
553
1419
6159
7322
77
3061
8490
12150
8513
7454
9028
2367
9882
5101
2247
3642
4304
4162
4548
5904
8974
10839
3713
6207
5588
10900
2654
6625
5234
6478
6772
10894
851
11290
7119
11513
7661
748
5410
2398
10915
10967
4607
5453
11968
3594
13386
8114
11779
11197
1694
8649
4436
4339
12658
12905
2391
4772
6422
8383
13265
3500
3041
2925
5508
11036
14029
1867
173
8958
4917
8355
11034
7319
13136
9235
11474
5079
7562
9046
13257
11361
4038
5082
5733
6872
1448
2411
13057
11387
7852
4575
12678
3438
13856
6523
10898
3290
10495
517
1287
118
13446
8417
10717
9565
12190
9368
5274
10186
8910
5827
11109
70
5776
5429
5932
10440
2528
690
7414
8581
3353
10978
7747
2690
10219
93
13512
8072
12371
10808
9996
2374
11684
1630
12562
684
6280
6378
1768
8732
11552
8585
11317
212
2510
6216
9939
7070
8792
3137
10831
94
7871
1518
9167
10829
13927
1816
2574
13101
11757
14077
10483
10075
1529
329
4994
6591
11728
12549
8727
1202
9718
5518
11983
5365
4937
3329
4045
9072
727
2614
12855
11782
6607
6869
12263
10597
5982
11644
4391
10631
1081
7964
4491
10647
13770
1937
11857
8848
9429
8229
11936
45
11599
2321
1268
475
10114
6051
2458
10270
8901
1090
8552
12408
3090
13407
210
6865
6488
4686
1251
11095
4540
4438
2358
8736
5764
13323
12998
404
2390
135
11378
3970
2470
9558
9979
4488
6374
10503
3489
5983
8117
7237
4620
1152
8873
2929
7597
7957
4495
5244
7718
1181
9489
3881
103
10881
12446
9447
4662
4111
5087
11798
8809
2775
4129
13760
7765
5160
7178
7524
5715
1107
8051
3377
6656
13957
4596
7495
12296
13859
11650
29
5220
7884
12912
8038
10994
12156
8343
4866
3280
8161
12922
533
4239
13555
3390
6128
828
6971
11402
3564
3512
3459
9383
4086
4149
2576
10226
9407
9698
7097
1662
12079
2504
303
12075
12047
2080
10146
10086
7916
11663
1758
12202
1264
4717
8037
5524
4785
3591
9011
5298
8899
13533
4916
3977
8091
12318
2461
11032
2767
8863
10063
11111
8586
13673
4868
4947
1173
5013
7206
5496
9745
3816
2290
13052
4267
8802
12195
386
7912
12329
6961
8551
12225
2120
9525
14087
1797
9311
2972
3020
12700
3359
12222
1418
3807
8909
8338
3122
4407
13098
7872
13551
2923
11670
6626
4177
9917
12470
2943
1739
9219
7832
11082
5585
13501
13913
11438
12402
6584
11629
9356
1530
10329
3042
12172
188
8399
7963
3338
9849
10968
181
7572
9795
6574
10893
1523
3298
12389
11383
200
9797
5664
9813
7100
12506
12552
13704
5406
11173
5959
4447
7635
3644
170
9336
5595
10664
6274
6447
5218
13022
5342
11346
3551
4201
5282
14107
7220
9875
11196
11239
5172
11522
7122
3884
12990
5194
7552
3100
11766
3684
2595
4210
13340
11135
2281
5118
12173
675
11374
434
7139
7415
7960
10882
1722
3582
4996
12309
2874
10812
7389
946
9554
3980
12485
10093
12099
13490
13004
3880
5951
11014
430
12983
3733
11037
5988
1356
8640
5575
7512
7749
805
12846
884
11630
1239
1584
10810
11544
13616
1213
799
5512
13604
7410
8310
3791
9065
10358
790
4848
4822
13033
3355
12167
1247
10097
3306
10874
104
8156
8856
733
6080
3162
261
8692
8211
12377
2638
8568
6213
10602
997
2931
5502
1159
6296
14034
12581
2330
536
6940
10298
11838
9602
4024
4734
371
7000
12143
267
6175
1904
10697
1004
13500
1743
6726
11240
1658
757
1981
9941
10980
30
3531
691
4654
9902
2643
11301
4992
12925
9010
3529
7352
12438
5562
2778
8195
5650
1612
12131
4076
2149
11598
10486
3043
7492
9060
6265
10421
5821
4667
4975
9230
6953
3014
872
1680
2741
567
5049
5032
4991
11691
4804
597
6981
8877
1038
2848
13990
7900
7020
5411
8218
12121
4793
8980
7137
5243
5994
6130
5318
4706
866
5917
6651
4398
6276
6456
11169
8894
7581
478
5806
5291
2970
12763
11575
6067
2097
467
5384
9301
9571
7822
5202
1836
11500
10755
12752
3249
6030
10635
5891
9504
8902
235
8849
13382
1142
7828
9296
7947
10712
12711
10351
6627
2682
3222
2653
1919
3315
3127
11863
3753
7697
3442
6490
8859
8933
8472
5519
12801
11912
3224
12241
6221
11583
11291
8225
8598
10841
1230
2452
4016
9680
6569
699
8781
5606
9651
9638
4131
9009
8707
11900
5689
12896
462
13960
3671
13955
12501
156
11612
13452
13942
13261
240
2650
9164
292
2850
2128
8501
6314
3877
1643
7880
13460
6592
12797
10506
13468
11614
5960
1217
1473
1429
229
3273
1271
8740
10040
10320
264
9665
7214
6842
1810
2918
7631
11923
11959
3503
1085
1007
12650
6606
13984
13148
13869
1380
922
6792
11179
10997
2003
8058
10661
11939
8062
12584
10793
1003
2684
11339
6848
388
5382
11563
5591
5673
3873
7533
2602
653
2857
1358
7416
6647
7075
7430
934
8647
5442
7686
8774
6005
4677
10468
7355
11942
5555
1683
6515
6570
8800
8474
8984
2892
1711
7601
9846
13456
7506
2437
7342
13827
10692
583
4881
3002
7236
11680
6738
7925
13811
9229
3795
7840
2099
10854
12397
12974
13632
939
1818
13077
10218
2001
6603
3735
12106
5373
6561
2258
12423
12127
7085
1426
9631
5753
925
991
12450
8922
13550
5580
12051
7175
1446
1604
8871
10395
5977
12531
4532
3708
3155
10511
4411
8973
2436
5441
5317
5880
13576
5867
2481
1484
9425
1682
12467
12555
8567
1626
1477
1674
1097
12508
5775
13313
5676
3245
6432
10586
2707
4887
854
7292
43
963
7503
7051
970
7821
8289
209
7472
1022
9070
12298
4343
8596
1256
1971
1872
10951
8280
5385
13214
1208
2359
1017
7677
7520
12211
12230
6644
6391
2515
655
11818
2213
1808
2300
14110
3692
7612
12602
13186
9226
290
2663
7136
11390
12239
7452
12265
10685
105
13581
11965
9411
869
10702
8387
6734
4970
6860
11802
5564
4033
5592
1740
3141
9103
10345
5605
10295
318
10888
9792
8601
6655
6420
11953
11610
9292
13974
6397
967
3838
6093
5727
12240
395
10514
3583
12646
9185
11462
2596
7866
9903
6124
4334
10791
6617
245
1044
8311
1490
8233
6529
13408
10273
5292
4088
349
9584
4562
11019
5233
13642
11194
5448
1045
4985
7540
407
3419
2852
2469
8435
7255
11882
8196
3382
9714
7326
4506
6908
1670
11862
5883
12212
10263
2267
5965
13065
6068
7210
13720
4944
12666
7585
12706
12838
8884
9528
2674
8883
11842
5941
9341
7981
10633
6454
5832
12583
6832
13470
8034
12513
12734
3168
6682
8582
3082
13128
7784
4467
1534
1140
12102
3658
2322
9666
3573
6938
12135
10768
13710
3320
4471
625
4171
1748
1519
8533
6096
9806
5008
11186
10091
3995
1269
13158
3143
10385
2728
2422
4971
4208
3032
5624
4886
3830
6929
12053
2969
2527
3243
13679
7088
5898
3806
4537
5304
1821
8810
6604
871
2225
13566
4543
13205
3114
7595
6344
821
3293
13572
9749
5019
680
13426
7074
13477
1468
487
7652
3305
13517
12287
2666
9942
1101
6338
2716
4415
5493
7773
9087
8710
2449
8080
10565
12615
1661
3723
4237
3148
9261
11935
8487
10931
5399
7909
1549
11617
11266
13217
11146
4298
9919
1741
3045
11769
389
439
1585
5186
9481
2495
12670
7162
1855
3699
5953
5897
10886
5701
599
6663
8024
8827
447
8646
5909
2865
9531
12778
12871
8439
6762
11796
4735
6198
2272
11157
3398
8819
5732
656
1025
13719
5238
10084
485
7754
9618
6024
7095
10233
9991
12252
2160
2519
9628
4454
5516
9502
13230
10907
12421
2443
5479
9372
1047
3566
12738
11543
2397
8097
9042
13790
5141
6745
12247
5164
13312
3670
11296
2379
6291
12924
13891
3303
4934
509
8994
9630
5232
5161
1657
2735
6508
6746
11582
4359
3389
5773
2246
165
2164
651
1689
6910
3633
5963
11656
9338
9889
11601
3875
12785
5462
6853
1946
11708
3501
4462
8484
8939
7855
3947
7223
12893
4791
8694
10804
1453
9120
12320
7399
184
888
12995
14052
7815
5086
13023
7224
279
1183
3110
10450
13578
5735
12952
4480
2291
13344
4058
11292
6235
11758
986
5182
8745
7288
12471
13615
7649
6172
1785
3069
6408
8005
5066
9595
4779
4969
6945
7890
10379
362
13199
11603
2646
5277
2937
12539
6914
9379
5142
4921
5730
4472
9144
10057
2757
587
12667
5571
14102
12351
4106
11141
112
2567
9104
5749
2863
10336
4289
11332
3712
9421
12589
10562
13835
12644
6366
11212
12705
268
9474
4571
670
5928
7782
88
9140
13920
9446
3579
7917
4518
6266
6740
6104
681
7848
7144
12076
8635
13649
7390
12540
12115
5459
6211
10262
11533
674
10225
13676
9764
11373
9056
2142
8832
2756
1125
13150
771
6027
9747
7347
8475
23
10074
10601
12264
244
8499
4742
11394
4350
11250
8124
8731
13072
9972
3120
12777
8483
7942
5912
321
3548
13830
6245
13605
10775
722
5247
8679
140
9905
3946
10047
5677
4397
9530
13774
13250
11806
4965
4864
6165
13247
1753
11937
10436
6879
10422
6768
12392
14113
8711
7199
6737
11180
6385
4816
7629
7899
5121
5165
11063
10904
11797
13234
791
12943
10396
7864
830
5927
130
8013
13682
7485
4341
120
9073
13241
8935
9132
514
523
12799
9482
3169
7742
8924
354
10274
12275
4362
7380
10930
8728
224
4140
3619
1032
350
12885
12696
579
12139
13222
2624
4989
11406
6355
9319
11929
12565
10467
8668
4241
8627
13503
973
3448
5756
9759
13281
9870
949
6681
8492
9110
278
13264
9931
8089
11483
13849
3862
8633
6457
7806
11517
12582
5614
7172
3683
5745
8320
12136
3283
12401
5668
2975
10157
3835
11687
5386
5857
8789
538
3248
10221
10051
11177
6177
10239
8057
9370
1049
11824
1378
148
11828
6695
5572
5557
11714
4159
1589
12056
596
13207
4437
8327
695
5911
638
13949
6237
3814
1199
662
12609
491
10376
9354
2273
7369
11176
13062
2831
10461
2745
26
2251
3177
57
10510
9998
9128
3134
469
12268
5158
13403
5894
1354
11021
3634
6375
10476
5826
1071
7683
8067
2953
6906
5335
4619
2668
11457
1945
8066
13893
7766
10813
13171
6534
5257
3074
4028
10876
12617
12541
10701
12857
5355
13127
9022
1165
3518
2593
7985
13295
1069
4230
8591
11738
3230
10360
5472
10241
8547
50
12856
8351
4900
648
7103
11412
10767
5454
4418
10277
4123
1831
11385
4877
10254
4287
11232
9327
6780
658
5729
10363
9859
5645
7024
4983
12050
216
11506
10626
13814
3216
7028
6268
7665
2550
12125
7275
13489
13791
1463
13157
10465
5473
6442
482
793
13516
6020
9800
4948
5179
2749
8184
4445
10024
10818
4521
4165
400
5918
4666
465
6692
11492
2334
11505
12082
12487
8227
2544
12845
9388
1137
13462
11537
6679
7772
4795
12254
13821
472
1570
9573
2673
12256
9684
13104
8424
12200
11352
7052
621
1934
11615
8136
12779
11789
9163
72
11948
7387
5566
12152
3856
11231
6423
3174
11580
13361
11791
1135
10253
9427
3414
1563
4371
7305
10993
886
10188
1288
12455
4670
11027
2301
1970
8054
11960
8347
7448
3345
6470
11836
11715
10844
4392
5978
12312
13979
12883
5693
4432
13911
11159
10632
979
3307
3780
12840
6994
3485
13646
34
3953
1246
4808
4498
6766
12114
9337
6086
5747
5425
760
2790
6673
1198
6107
13315
11655
10890
12546
11466
2771
1656
8505
10646
2355
9417
7345
761
1735
9865
8948
13195
5356
3900
5409
260
10348
7643
5641
7814
3506
12250
2201
3461
9040
3421
8558
5993
9091
9007
11555
5966
8188
5303
5782
1211
8482
4433
1296
10720
8764
9726
3639
297
555
1485
1068
11788
3376
13837
798
11088
5395
12800
3787
11584
3874
576
6817
5633
186
12758
5051
627
1218
12804
1370
4861
8373
12124
3732
935
12476
11767
2935
3975
100
3294
1592
13872
36
3647
3545
10120
513
13514
12045
12093
7181
6532
13045
4381
13598
13367
9374
5137
13825
10743
5120
2769
8293
5602
7502
4430
582
11187
8290
10339
13683
8364
9450
7862
2861
8425
11375
9773
10033
11086
3497
11686
6675
9729
10269
11243
2507
4324
10153
4967
11016
1178
12451
3089
9512
3915
8594
2875
6426
6424
11348
8844
3286
9418
4197
1684
7777
10698
11401
12067
590
1513
10991
2293
9225
12484
2202
10109
8570
4277
13906
723
3866
12331
7752
1043
11605
12844
836
11142
4069
8137
1387
7859
11626
6730
780
12789
391
2193
1903
12069
3226
848
9399
3554
8811
8928
10916
4913
12482
3036
13272
3990
1660
10776
12227
5603
12913
314
3384
5336
11530
7222
10847
1847
13032
824
6415
10347
10719
9262
1369
6201
10659
11553
8926
12090
12070
12290
13524
4023
3368
6581
2148
9092
6017
4320
3483
9148
9021
4309
13388
480
14069
9384
11868
1908
9350
802
13307
13653
8450
569
4897
4765
1497
8572
2078
12165
12751
6303
5198
12208
9574
3656
11561
10145
3150
4726
6835
5811
12982
3751
8372
10026
2280
8149
6034
11578
10418
7121
1141
10019
4383
3086
3237
2263
10949
1242
972
1311
6070
8778
5822
7965
7073
5287
9836
9909
11334
5346
3729
4465
3275
7759
4172
7785
6911
11600
13189
1065
10268
7182
1815
2104
8392
9777
13359
12158
8016
7650
1186
10522
4056
9385
12891
9043
2346
3544
7868
9236
3927
11926
10144
7135
5623
10111
13575
11011
2708
6704
13596
12637
2675
11227
9078
9315
13603
8805
13738
9667
8201
11338
10267
9430
1176
3559
1450
3407
59
398
10313
13800
8861
6547
6544
1319
10526
10691
4515
2695
7215
7906
3785
9741
12011
4325
9488
7235
11271
3996
13734
5370
6837
4374
9192
11643
5600
6596
13954
3527
13875
9495
7945
325
12744
7003
7057
10801
12836
1240
2801
11826
13471
3650
12828
9079
5649
2534
8880
5601
784
2501
11092
13051
13665
4890
2366
3337
5097
5935
7486
1628
3295
5357
12354
6399
9810
9189
6933
13277
2402
3783
2829
5681
1880
736
5015
13336
5397
2581
3185
5860
3716
13465
4151
3504
7876
6787
984
1148
9423
384
4182
62
10094
3379
5711
12030
3911
4228
1809
3395
9801
2081
2777
11524
3232
516
4757
1560
13936
12419
1381
3829
7211
11699
5111
3959
9506
11342
3422
8430
8400
3533
12621
13593
2152
6402
6299
5924
5774
4215
6434
5597
11520
8602
8976
4915
3477
8108
11371
9784
1467
8134
3653
8893
4589
9911
6998
1557
11408
10845
5085
6928
5507
12618
7335
8623
6989
4485
6009
8380
7031
9575
9933
13729
13966
3153
33
4731
7320
6122
4936
1696
10
12000
10806
8780
1586
13467
4483
3804
1197
10666
1001
4422
6674
7863
1567
11837
10909
13404
6543
8803
13293
14030
3181
3113
265
724
1291
11957
285
1132
124
6689
13496
6991
5123
9742
13836
10334
12798
226
9818
5129
11009
1057
5642
13952
2753
11166
3104
10541
13220
10124
9305
9690
600
2375
4305
9415
12694
11249
2088
1127
4761
6802
10652
1338
1898
463
1241
5468
6300
608
13651
7191
5800
6469
1262
10974
2597
7998
3246
2573
8489
11672
4950
13142
7526
6182
3758
3011
6489
1179
4000
4606
3344
13314
250
4889
7403
13759
8260
12560
9035
7165
8639
10749
4035
8217
11090
12098
13899
5403
4446
8454
5175
4605
1681
9880
6202
5868
39
5750
12488
8059
12159
6254
9490
3664
13394
5226
12160
9270
1553
1144
4013
152
5375
8576
6365
7433
4150
571
5723
2086
522
3373
10603
3149
7841
119
12186
3026
9643
12481
3474
5163
5797
4361
13708
10482
6883
1896
8328
2750
13694
615
5144
4760
3631
5690
8555
2083
6317
288
10067
969
762
4010
9397
10398
7673
12496
9518
13876
13433
12033
5017
3863
4794
9160
2259
2549
6525
10780
11597
13585
2700
14019
9543
6886
7590
76
13909
6461
6076
13402
11273
9298
4771
12117
10179
5808
13561
10766
8709
2125
4310
6841
5703
7775
9606
9443
9649
585
323
12931
5510
3765
11419
9789
13180
672
3786
3219
4269
7188
6301
2252
11455
8854
1235
21
2834
3302
6377
3587
1528
11986
5467
6946
10937
5310
1100
4272
752
9014
12688
5254
6868
12142
56
2448
12917
166
12914
6156
10524
12592
2556
13306
6288
2691
10662
12859
2254
14091
13236
10537
1321
5446
14032
10953
11350
12399
9274
8090
9664
10388
687
2825
7602
3695
665
7233
11272
7253
6041
7354
10271
6158
10583
8359
4905
2414
8232
270
4049
8278
10757
481
4212
4743
9387
13357
7087
10911
11309
9534
7148
9576
13789
2738
7877
13475
3569
8012
10201
2965
192
4127
4457
13476
1103
13054
2891
7056
7615
4998
9550
6352
13674
2672
11993
11916
4119
13711
6335
4133
1476
11269
6119
8799
4626
4138
13084
858
541
4884
11595
832
13631
6791
10590
7992
3536
9778
14044
8729
8682
10151
5692
2936
8238
6428
4139
10623
7299
6964
11924
8480
4752
11007
3454
31
8449
7519
5100
11199
5925
5369
1273
10786
12330
11920
13271
2899
2493
9047
11369
10052
13005
10568
13912
4957
751
5343
5330
9893
4421
7036
8021
68
8750
5314
9587
13706
2362
5427
11881
5421
7693
7441
8043
2073
570
10943
13352
6318
11570
7016
2237
1882
5789
4120
4678
10022
9932
7112
11115
12881
3123
6723
418
11431
3698
8458
5972
9439
13430
11495
2532
10331
413
1039
10848
10889
5594
2153
9640
13732
12535
8539
6197
3565
3178
1470
10758
4834
8346
1237
12305
102
13138
7484
6944
1708
2176
10958
204
13541
5096
3526
9256
1997
4727
2880
10106
13411
4364
4790
4047
9854
10690
11051
7528
6305
6620
3139
3087
7669
6825
3492
7372
11606
914
9002
5587
10625
3472
1366
13232
7619
2748
5169
4692
8096
2580
5047
5007
13926
12314
3309
9290
2858
13287
7242
13061
497
3521
9306
9700
5093
7442
5201
11421
12029
4729
2188
11133
13447
9555
6733
6134
5901
2870
9873
787
5471
2266
5208
8388
11305
13184
12282
6839
2853
248
8386
5844
10367
5276
13028
10397
4275
2676
2912
7298
9978
11411
8444
10380
1760
2178
7860
1517
12877
2517
862
9074
230
10784
8503
12504
4193
2795
11318
4782
2039
2410
13151
8968
10437
4908
1854
1122
10843
9521
3473
8323
11800
7041
605
1194
5045
3535
10375
5290
6771
2139
5719
13174
9556
5895
13980
942
7500
14072
223
9703
2539
355
7239
10619
819
4338
7061
12888
2629
7974
5293
3680
5628
3690
2356
6705
461
12697
13925
1539
526
11706
13740
12083
7614
3969
5214
12938
6934
5269
5788
6739
5113
160
9539
5989
8982
6169
6686
7404
12181
10039
2739
9673
6084
923
6611
2512
208
7836
3213
13769
6412
3151
12404
5514
8436
8628
6631
12820
13183
6405
12746
7218
10513
12246
11091
296
3070
6509
10615
10539
12245
11139
13560
8786
5828
3048
2360
12860
3365
1713
7812
1615
3004
7001
14097
9166
7962
12459
2859
7733
13589
8870
8342
2563
1223
1111
2981
10834
10654
1360
11978
13074
4960
9693
6799
8970
9973
10713
4798
903
1755
3607
7269
13609
4293
4148
10291
7444
9055
9155
10868
8826
1806
6813
7124
4081
7117
12906
13610
10923
4295
11633
8685
7637
3190
107
8855
2841
346
4594
9112
11267
2760
5400
1433
6830
1169
1811
2324
11607
5481
8693
6919
10892
8048
13794
12878
8969
4337
891
7063
7313
11896
1444
13328
10439
495
5853
6707
8559
11433
9821
10618
2244
8587
9608
8838
10181
12386
6662
3396
3145
1940
692
8427
6623
5016
4789
8239
14085
7422
6273
12370
3601
13137
2559
3227
8697
10001
707
13292
10999
767
6977
9283
3240
3845
7067
11195
12084
8025
6444
13309
671
2642
11737
6942
7142
6834
7256
5191
4306
2806
6554
5149
4714
9308
12643
12875
8904
11061
7553
13557
6988
10906
11539
5609
3672
12028
12089
8200
3725
8526
117
12387
11220
10076
9470
6963
10955
9977
2851
3258
13073
3238
3488
8214
8866
6743
7008
4057
10078
3792
11452
6676
7743
479
5786
6564
8023
4416
5622
8173
12122
6875
4206
11910
6137
13542
3771
11645
1752
12273
10655
6433
3976
8434
11551
2911
10240
1272
10733
9948
10805
1270
12775
9672
6230
5080
7080
6900
10030
9852
7151
5458
9767
6882
9352
13638
13819
11442
693
9246
4478
5219
1447
1129
10658
7573
11848
10020
2182
5135
4463
4113
10500
6821
134
6394
12625
11768
3831
8207
5720
5295
5362
496
8638
7764
8542
187
6150
9898
420
1012
9066
7999
4663
13231
9258
8650
7734
6690
9406
5328
12058
7538
7577
8573
10782
6010
11914
7950
5779
6421
9951
9711
6976
9493
12060
5222
3538
1685
11835
9273
128
8462
1282
3383
9254
2537
13030
8919
7069
10419
9438
10159
9706
10966
4435
3779
7586
6347
13013
9604
379
4046
12679
11816
5568
11654
2372
1596
3515
3189
12740
7395
1602
5817
11801
12739
5451
12708
3717
12842
5312
9947
7633
5470
211
7587
7596
7978
12226
6954
3432
2212
3313
8337
11047
13981
12177
13176
12416
2457
5088
5581
5582
11004
3055
3925
10508
5980
7294
3568
6095
11336
12930
8215
9541
490
5054
8952
14104
1611
169
4019
7644
2585
924
572
6039
11248
9627
9149
8092
5938
11720
6550
7203
9971
11807
6628
10795
2432
8171
8
14021
9544
4477
5209
7954
2908
9380
2129
11502
10463
10504
6661
12490
7565
12671
4688
11193
9634
6654
3354
8460
5521
3939
9532
13843
1265
9842
6524
2990
5416
3908
1614
2186
2462
312
4363
11388
5552
1503
4781
10206
2459
10279
3397
3932
2339
4097
6468
4956
11809
4650
12044
1906
6126
2950
9058
2136
228
2524
13546
2328
12003
11447
12109
2721
8797
11858
6973
12532
13863
2988
7898
12414
5805
3404
1524
11244
4583
5143
5207
1564
3576
3998
2856
6793
10694
7811
13024
584
12622
4164
7184
11760
3236
11300
5021
3073
8242
1726
4102
3572
1082
5229
12928
13210
5944
7006
8478
9598
5608
6727
3475
6148
8869
1292
3967
8538
4254
4858
11459
13169
769
1200
3893
10534
1617
5734
6629
6339
9701
3351
13076
9912
10608
8401
12870
10276
11751
8590
12813
2342
10571
14051
8828
10965
4519
3008
7204
422
8502
3681
8105
6826
6867
4223
8794
8158
6278
11486
1546
2715
9883
3403
2295
561
5457
6260
9278
12695
10207
8283
10681
6809
3341
750
11759
11547
10459
5224
3674
13385
8060
13857
8583
10711
9291
5943
4549
10154
10492
5246
8540
11102
3524
11823
5870
1215
300
126
2835
6892
7990
1733
7187
1496
9694
1667
11786
11975
13844
2535
3415
4612
6270
13788
7874
666
9343
10287
6582
8179
2942
2069
11080
5265
12764
272
8432
11790
4632
1422
5736
9583
9503
10205
7630
2478
5439
10800
8002
4169
10723
749
3855
2315
826
11391
1259
12405
5683
7706
12043
7316
11160
3460
2502
10296
12295
7330
4091
1737
3215
11152
10748
9892
13056
981
14053
11987
13930
1645
9609
10922
1347
10259
4723
1229
7622
7913
1716
7886
8333
1308
4439
12362
6700
13027
9471
9123
13745
5666
11124
9239
11734
7473
11571
7655
8705
3543
8795
1812
242
7077
8941
4836
12094
7311
2320
5795
8724
2978
5884
7284
2520
8169
1002
4853
4253
8504
13672
11692
9314
4244
10798
11312
4536
3380
6776
11203
12375
11754
1941
7300
8771
3561
8845
3308
6706
1828
3734
174
8592
9272
4968
8549
6615
708
3861
10531
7955
6579
12500
9304
2712
10319
8680
4591
5006
12333
12693
13862
6487
5308
8990
7462
13339
8515
11906
920
3176
10582
3184
10770
13762
1289
6828
370
51
13338
4520
13622
3599
11130
6153
11217
7879
5445
4702
8604
7986
12019
9451
10210
12834
4307
6176
9317
8247
9277
4403
4096
10454
9159
3828
10557
11436
3031
11315
207
4510
5565
5992
11659
8834
121
3621
6858
11785
12453
4511
10945
6796
9936
10913
2100
7670
13010
6990
13858
10555
5501
11251
2425
4582
7278
10532
1078
1108
5708
9985
13012
6115
9179
424
253
12066
6481
11700
4501
5150
8050
552
877
520
8112
458
835
6876
13093
8775
4423
18
8064
12024
8726
14045
1435
9669
13714
2872
4593
1304
7723
1416
9234
12381
2156
12205
10082
13916
6862
6309
3630
4534
10035
12712
10705
8441
14055
3410
3411
8036
11588
10328
8964
1094
7691
13840
703
5553
5423
12886
403
6571
5301
7026
564
10401
12577
5359
6507
647
8991
13563
12100
12262
10374
11467
12553
11723
10335
9487
12543
4393
7271
10355
13172
2265
1599
1221
1738
2483
13330
892
316
9420
7745
1442
2529
5354
850
3997
12668
12665
10032
5319
10490
10128
409
6957
2204
864
2980
11183
9119
8040
9589
12514
2714
4417
5724
8822
1072
13167
9097
1830
11010
464
6060
726
12444
8284
5334
12640
7351
11283
9697
1382
13695
3822
4767
7176
11081
2944
10314
702
10479
4658
1843
86
3789
12594
6949
2299
4336
2698
9523
4012
11765
6804
397
7032
12380
6483
9603
4496
3451
13094
7761
13924
13050
6885
7536
12524
11444
4195
11006
8376
1243
6513
8500
929
3083
10208
8818
4616
12078
4809
12517
3623
12054
8379
10290
13201
1606
11294
1150
8273
3930
11023
10493
9136
2649
10458
13443
4414
8906
4946
13472
10866
6251
13584
11503
3666
10309
6224
4034
9725
12104
7291
10501
4694
8876
759
7200
7285
8352
2774
2833
12736
4611
256
2722
1719
4832
8111
9203
2926
7509
10424
8395
11560
8673
8563
2727
11018
1163
6717
12511
3756
1705
566
7049
815
13318
8672
809
2733
8030
13718
5313
9251
9517
13289
10090
9150
11465
1909
8829
13515
7317
7421
8528
3595
900
376
5682
1819
13753
13310
640
11358
5300
8251
12522
10728
7976
9526
6697
2526
6261
795
12673
4354
14086
12544
938
3498
7702
10190
7711
5323
10759
5612
12576
12394
6536
7936
7033
9463
786
3035
7229
6850
1295
2889
1333
12948
10359
3502
7106
1703
9347
4167
7426
13659
11820
8371
8997
12753
3740
6658
2219
334
5378
9662
6951
13707
344
2572
1255
7143
6475
7130
10283
8101
10451
1220
10149
2884
7171
3445
3632
9016
6443
9027
4290
6059
8518
1552
9081
4911
6552
3768
1116
5270
5634
3882
6775
10535
974
8390
12557
12443
927
5419
11460
9367
4186
11586
607
4829
8145
1794
5284
4408
4683
13424
12316
1225
7837
116
1977
11295
8882
11774
11981
12123
7787
4564
992
12327
547
13248
3606
7574
7966
12851
8660
12939
1348
14073
9835
3385
6710
8614
11732
9868
5167
2661
5737
3763
218
7134
8767
4261
1538
6520
3799
10869
4988
8718
364
13730
8916
9031
3738
13627
2257
7034
13573
7605
4617
8255
12795
4524
12299
14092
10833
11913
3774
4147
2868
8001
9175
11224
2763
5696
9699
6563
2706
10721
6691
6161
12418
8006
9405
9782
9432
6664
3262
8321
6916
11264
13226
7539
4232
8808
12166
6154
10746
3063
10370
459
1942
6074
3062
518
6741
2433
8163
4385
9467
365
2713
4345
6162
2438
12324
6612
2377
5842
12126
10739
8584
4833
4867
10887
11470
12315
449
5560
12356
3571
6810
13438
13712
6668
3386
4792
8776
4335
1474
5131
71
629
6642
6855
6863
9705
9964
8129
10386
6774
6769
10264
9416
4885
1654
239
9615
6936
9982
2383
11954
631
1353
8230
10815
9923
574
9740
1522
2007
11211
2686
13945
13303
12636
6361
4109
2392
172
9953
10433
11478
1565
9111
11030
3979
8008
3988
11697
12783
3057
9781
10155
5203
728
11168
4756
2311
11729
4360
154
9831
470
3347
19
4044
4788
9514
10394
6815
11743
4721
6371
10488
7575
12269
12611
2074
8140
9089
12803
10455
2098
10952
4
2192
6565
11043
2090
3516
7856
14020
6756
12674
7062
580
4883
3612
7578
215
9857
6044
8155
8867
834
5995
9969
3981
4698
10543
921
8983
7830
7309
1102
9048
8690
1326
13748
1466
9176
1331
9890
11275
6406
6986
12376
10118
1866
4121
10624
10944
3441
2779
7475
4170
5347
10377
2747
1542
1351
4285
11928
624
7315
9271
3247
11521
13608
8172
13798
4904
9632
11649
9824
13601
7209
4604
12743
8758
13000
4693
12130
1959
3050
13808
9125
512
4063
7537
7128
704
436
11487
7805
12556
12422
7258
2647
7238
6648
13667
3600
1074
6698
6390
10680
61
12189
1016
13037
2631
4598
11286
10177
550
2940
149
11930
652
8553
3741
785
10525
5929
11587
4565
4555
898
2776
8793
2600
5216
4181
9943
14023
1058
6486
5816
11637
4509
11280
8078
10936
13645
10496
6463
6786
7973
5611
9547
5846
419
6451
11044
4953
12311
12364
10338
12199
601
9227
12062
11307
7600
13756
3803
13743
616
2283
7941
2
6622
4922
1603
9520
5675
865
1697
4873
1053
11386
8073
10696
8248
5873
3364
856
5509
8068
1345
557
11326
10512
1813
4389
7781
1257
2523
4303
8082
5607
2474
3450
3510
3903
5882
8631
3431
8632
11763
3132
8714
12759
1095
4189
7090
416
6504
8683
881
6204
12303
12601
2226
3728
4163
11805
3118
13871
12703
6889
10211
3887
11941
3853
4315
5546
65
13861
1036
6413
13964
12824
12480
6575
6174
6694
9340
287
3349
5515
3463
657
1214
12176
13419
1274
6117
8931
2332
2759
10908
11546
10779
1480
4428
12927
11103
6449
1119
13780
9790
5915
7312
9733
11972
12788
13335
7997
8885
11850
7094
5767
2641
3972
2408
13726
6975
6116
185
2948
11940
4400
8574
5108
6272
12657
7931
2341
5128
5094
4703
5417
10754
9516
3121
11313
2242
1583
8749
8846
1588
9491
4592
14111
13324
2161
1046
10289
11870
6666
3956
4935
13976
3075
499
5433
10231
2603
3720
8963
2140
6192
444
4209
7770
4353
13922
8254
7657
4006
4249
11041
11538
10371
9872
9688
2115
10781
7424
10989
7089
11542
7158
10189
9761
2184
13923
139
13141
618
12347
427
10318
5055
3744
6118
6057
3966
5117
11825
2773
4301
1310
7518
8437
7438
8836
13764
9024
12999
3427
7725
7980
13775
1000
4529
6381
3834
9206
9141
13006
8350
10773
4260
7839
3750
11066
7341
12108
2183
13890
8113
150
2333
11890
10085
9146
2155
2289
2498
2814
6145
11938
168
5461
4871
7432
8765
9090
12701
356
697
3706
515
3921
940
2371
4949
633
8662
5802
5014
654
12942
4217
11259
5923
2288
10416
5646
7035
10548
4271
7709
1250
4508
1305
7672
6146
1279
7232
2746
6985
2499
12396
7692
8235
1096
6052
13242
10674
1527
4837
11333
12675
9938
12448
13018
896
10435
12620
1729
13773
1675
8720
9426
12616
3471
3625
11150
13414
12445
6178
10613
4026
12085
11497
3109
13888
9344
3199
6302
9916
3525
3929
8777
10182
2157
11811
714
9117
3577
197
12754
12660
12825
7127
12091
12624
9477
3117
4252
6149
13228
3711
1363
3452
11771
11132
3793
3257
7012
5034
4567
4387
5046
4739
4647
12733
617
10356
3770
179
13392
13580
11608
5162
8605
8044
9929
27
12814
12336
7048
1994
2987
5379
7921
8046
8730
12161
4648
2331
1825
4136
10670
8937
4291
1548
12647
6077
7648
9993
13294
2622
13624
1487
1779
7894
6947
6719
2921
4865
9187
11727
2325
3635
4103
768
10062
1428
11256
12662
3938
1212
11639
897
12434
10471
6185
8191
9522
6345
2961
4029
3556
5999
1804
8656
10152
13197
6143
11154
5780
6249
7363
4691
1838
6621
60
7027
4803
13967
1763
7446
8084
5613
8812
64
4586
12020
951
12897
13053
3973
7368
5576
6952
3747
6419
9052
8494
8348
4736
3140
10127
10731
2811
5294
12231
1613
11331
7891
1536
4221
12632
2015
10285
5116
8760
3790
9580
4500
10105
10667
5184
2837
2314
8473
11105
7857
4874
8181
2209
13537
5835
14066
12323
766
4659
9473
10050
1166
8411
3584
7072
7153
6497
8569
2930
493
13705
8554
4379
13372
11865
11839
9625
5847
12526
10594
5058
4358
306
12138
9655
9510
3371
108
1749
2737
5610
9373
1205
5109
12932
13485
5861
6909
13185
893
12266
9601
1595
9019
6720
11664
4966
12291
1117
825
10346
10183
12363
4770
4700
9722
5115
12680
5099
10312
2895
10750
874
7829
6724
11446
4318
5273
4963
12692
4704
13499
2764
3801
11356
11764
9901
7205
13040
11731
4243
4860
563
3301
320
11724
10855
9063
10578
12005
4984
7497
10349
5
4806
13387
8007
2282
2657
11449
3820
10491
5105
3570
4095
8324
7071
10609
2731
6899
1037
10699
7066
7302
2786
13055
483
5869
13602
11653
9496
2174
10837
11515
1701
5394
6341
3764
1421
2388
11357
5940
12997
13538
8244
12815
7370
1781
5332
7476
11182
12548
2423
3935
12687
4178
3366
9478
4541
7713
1175
8453
7343
9837
12841
12772
1720
2143
8762
3314
1236
8966
7161
3318
9809
9198
10986
13846
11140
85
11883
2694
10368
5168
3051
4812
8918
6639
7591
3387
9099
8193
3023
12458
2933
7623
5570
4813
1928
6728
6847
5256
1355
13122
2172
3
502
7735
9158
10935
11961
1005
6983
612
3805
13763
13095
4161
9990
4821
8943
12854
7377
10261
5706
8611
5264
13962
10236
11693
13140
6978
299
10976
9719
8959
3507
5672
2717
6634
5435
13206
12892
12979
8816
5068
11156
3575
694
3289
2351
7897
12223
6535
1210
4725
8404
8300
11998
7217
10794
1051
6367
2740
7699
13623
11101
6884
11903
11668
63
9268
1646
2119
110
1277
8408
4352
12286
1624
2793
10196
6417
9766
13353
6255
10742
2927
7293
1712
11665
5327
5009
13868
8164
2998
341
13256
12307
9281
1714
2621
6085
12119
544
2444
10323
6757
9805
2264
2467
13259
5148
2671
4157
11647
3317
12953
1153
3542
11840
8429
9592
5879
6530
6993
4276
5200
2421
13832
289
11864
1191
2294
7523
13739
1914
7789
5742
3291
11949
1975
3196
6824
12579
3700
7054
4225
12713
5669
11200
4141
5223
7904
13400
10095
4649
4434
668
8678
10973
2126
3637
10771
6573
5089
7746
8470
8905
673
4386
2368
3878
10516
4455
4902
6708
8768
11932
8788
12358
13851
155
428
9286
9946
4929
11943
12533
9114
4912
3265
301
7903
5956
5077
6693
10134
8999
3339
9335
410
7310
990
2780
10611
6551
2439
6736
7594
960
3994
8550
2111
412
5139
12023
9197
6232
2440
3429
12017
5018
7245
7715
4901
8304
3710
16
12406
10150
443
1323
9650
9671
13397
11974
8979
6845
6372
13771
8698
6401
12465
6217
2476
8975
8823
7721
5930
9928
10307
5590
10402
4684
131
1890
12755
1902
7820
1618
10112
5364
191
12590
7791
1541
79
6307
9440
9787
13291
1336
13841
7078
10933
13358
1887
2613
11117
13828
8250
11344
3615
12769
982
660
83
10373
7843
13757
11832
8913
7767
13308
11112
3798
82
4588
5469
1314
8148
8485
12773
10726
6046
1633
5456
2350
10332
577
446
3270
11739
13082
9981
3256
11175
12681
3056
10636
9807
13286
6890
9129
12528
5022
13839
13017
11498
6006
13399
1532
10518
11463
5813
6669
13190
2101
12221
9312
11324
11107
7219
3743
12570
1893
6987
1648
5914
8018
5252
335
5090
8055
10816
5967
841
4166
11819
3682
9238
311
13478
6240
13648
8257
4525
7636
1699
5349
8120
12623
12848
8820
6038
10682
10132
6193
5133
348
4022
7213
9036
2894
12274
9770
7923
3659
3892
3296
8798
13245
7463
9168
13493
508
12185
3534
4618
6195
1145
8003
9224
8989
1088
12781
6687
10984
1234
6058
6464
6518
9366
7268
13713
7598
3519
12890
201
9984
9184
9728
2124
7240
782
14114
620
10060
3567
353
8702
682
415
885
5156
9829
2173
6090
7081
4875
8715
7807
5098
1953
7453
6379
4982
227
4718
10641
4066
374
4574
40
8886
9552
4558
650
10431
11392
8468
7946
3094
2302
3702
5038
3274
6939
12261
2262
5851
6312
812
1440
7152
13466
6610
9263
13227
9247
3596
609
6527
10515
9137
8237
1284
9710
275
8307
13567
9145
2134
13950
3297
12048
5848
13633
10369
13971
5190
6179
5422
1605
2274
9361
7109
13684
10716
4749
1991
9935
2877
7274
5401
11994
12382
5783
13409
1927
13696
1420
5619
7606
1297
4098
6228
7701
4531
3221
2879
9768
12407
7905
8274
12183
1161
11671
106
602
4516
6937
9228
3986
9012
5751
6376
2084
11340
2784
14065
14112
876
4624
5665
2503
12284
4513
12652
4134
12384
9193
12949
2313
13165
11523
9484
12957
2904
5862
12958
14082
393
775
13864
2964
9579
12497
6742
7461
10553
2399
14075
3598
13548
4250
4676
11426
3005
12937
9591
12184
5376
6269
12747
2830
7547
13816
1359
4062
1350
1671
1533
10600
457
12
7180
8366
13662
10706
3617
11008
7736
1608
11591
12683
3910
9695
10140
7977
11804
916
2703
5052
7861
3085
13304
2109
12235
11843
4741
8624
488
4730
753
432
5174
1637
8612
6783
3823
7132
1724
2608
1879
6894
6729
7116
6033
511
774
1502
9252
10783
3022
5062
12228
12861
421
3161
13427
10326
1302
4712
11303
12495
7125
6340
3991
13371
2847
9826
6436
6100
1329
4671
3444
9707
5138
7138
3726
343
10317
4346
2742
14116
4759
7257
258
10971
3499
3234
468
7638
10580
7850
7002
11261
8734
14090
2340
10036
11559
8770
12802
1134
12868
10820
11
6589
3957
2540
13449
145
1054
5984
11493
3931
4060
11514
3025
9675
5765
10941
4142
11922
1301
3620
959
3321
14108
8253
637
3413
6079
5235
5408
9241
9605
11772
10593
6759
4351
11416
9830
13556
6649
575
2628
12756
10857
6359
13898
476
13160
5991
13803
5266
13697
8199
10867
162
10762
10651
8940
11343
8053
1948
11572
408
5913
12097
10333
2305
2723
5487
7908
1727
3468
3982
4493
6285
14049
10447
9765
9095
5878
2005
3819
6173
13657
12587
1343
11508
10029
4638
9250
3522
565
12812
13879
1558
1050
4997
8700
7932
12832
9888
6482
283
1232
3047
9600
6208
280
4999
10789
9661
12258
12796
2406
12163
4486
9815
8303
13360
814
3187
12021
12325
1827
11188
147
1762
10046
6416
937
4105
531
1275
13853
13262
5289
11711
2551
6955
381
9364
13038
2590
6247
9480
8753
10404
6139
6357
11725
9461
6364
11755
5329
10266
4122
11425
11558
8167
12374
10853
796
3006
11262
2376
2843
11252
11015
10432
7186
1190
6083
13502
4073
9856
4191
5640
7757
8653
13643
4869
13917
327
2154
7688
13511
10675
6480
8837
11330
12257
4137
114
13722
3078
1594
10099
3916
7627
7297
4993
1342
7412
4234
1561
11119
4426
2079
9779
2409
5119
11321
220
7365
3324
12436
4266
3539
8824
7417
9613
9152
3423
7167
2008
13518
9685
10049
46
1157
12118
8166
11623
4115
721
1547
3436
9479
8524
593
9401
11855
10592
12978
7730
6467
1080
11722
7712
1587
11885
3378
5031
7150
13492
6441
8790
4780
6163
6477
9285
9363
1744
6138
9302
8784
11685
2860
10990
10861
6241
5241
13613
8722
11366
6222
13692
5005
6630
9223
1278
11413
5854
10473
12843
8362
13965
12863
5836
6747
4002
8841
2336
2890
10018
180
401
3231
10445
9015
5154
9083
6866
13096
2796
10946
5404
11625
11792
3629
11078
9677
3541
7542
1015
6519
411
9105
910
6568
6151
12388
6209
10410
13016
801
534
9816
2616
13223
13435
9891
2787
9738
6618
10429
5280
2873
9683
12339
10136
1120
3154
12032
13634
6608
132
11566
7561
6541
13317
8571
12554
3171
11395
11989
623
1026
5189
1607
8174
10278
8183
2170
11934
7329
2842
8971
6021
474
3374
11372
12536
12116
11783
13145
6778
731
6838
7873
12018
5661
14117
8691
12994
3775
8369
3102
13075
6494
1510
779
11024
1320
3636
10087
9310
6214
249
13346
4553
11574
613
12203
10293
10110
13253
6022
738
6343
1577
3955
3800
12669
11808
8285
5625
11054
9348
11822
10821
6316
7953
4125
3627
9653
13437
11854
284
6234
8606
9524
4906
80
2575
13441
4664
13107
7529
792
13224
137
1616
737
2974
7375
5437
739
11967
11776
3948
12128
13108
6755
10704
11966
13058
5517
1458
1846
6219
9115
8465
8187
3064
9786
11242
3661
12026
2114
1989
10028
11895
3278
4008
5166
3847
11403
9885
7301
2380
13671
10423
4539
4370
9118
4551
6803
12348
6111
6281
6616
6210
11029
1640
3001
4720
754
10777
4903
1746
6043
8996
6857
11489
4460
11094
9730
10350
7679
8615
13569
13375
931
12874
8224
8733
1629
4410
5455
5785
9751
8069
4896
11554
7273
4255
5866
12412
360
6072
7724
9867
6411
9100
2108
4444
5372
9346
2304
11255
3827
8213
7534
10489
3917
1128
4402
10929
13727
3029
13326
10863
1999
5489
8735
11347
1676
1201
6455
345
6190
7768
11022
10577
9922
947
9527
5351
13986
11084
11189
3550
2110
13480
10342
1075
13688
3618
4296
5159
5494
2658
95
10724
2428
10785
3251
9838
1124
2932
4017
5371
5986
6864
12714
11632
7641
1367
5353
11122
2447
4030
9735
4504
12096
11488
6920
13947
6701
12819
11118
214
9925
10017
1126
2869
12749
2823
3850
2828
5670
11889
3348
9008
9045
12537
4711
6546
7762
995
5035
11817
11025
9702
10964
13417
1964
7695
6056
1704
7926
6474
1293
10387
2956
11089
8888
1267
9259
435
3590
366
11230
12512
10366
7471
3146
3268
3470
4220
3509
7924
8546
10427
3059
1761
4954
5644
7140
8209
3469
3326
12022
9382
8194
1757
13611
2496
6094
1013
6907
9863
9561
1717
11435
6292
9930
5770
1707
988
3010
7818
2958
4559
7888
7366
6505
351
4168
2464
4933
3654
7437
3046
9458
8423
3675
11202
9720
12593
5345
3241
142
11065
6007
2463
333
9771
7296
5933
8175
8198
5950
3687
9452
7373
8562
7694
1954
1192
11726
1454
12791
1636
3228
3923
9851
7707
961
2270
8507
6966
797
5344
12545
5037
3833
5211
13297
6398
9127
7579
11799
12297
5534
11304
1337
3480
8896
12338
9752
11407
189
10340
2543
4494
3954
1300
338
7696
1481
1581
6685
315
13889
8065
1495
7780
11740
2989
9975
8315
13267
3950
431
5396
3147
3007
11674
8270
8840
2656
3511
4517
10648
5801
10417
7927
9537
11705
1622
4274
5630
1328
2802
10616
11955
4014
11909
10727
12656
13014
5777
2947
11867
352
2494
12567
4394
6598
6049
3655
2571
4072
7603
385
2562
13087
6203
74
9165
5428
1521
1507
10101
3412
4375
1324
4155
9293
11450
13179
7845
1525
5593
7940
2705
3091
9134
11944
9945
5250
4955
994
262
7809
429
6585
14054
1917
4469
13866
2991
7197
816
6045
11876
12086
11085
342
4827
4328
11829
10917
9750
5299
4811
8891
12580
10764
3458
7474
3984
7040
7744
9736
7093
10310
9442
2036
6665
4766
12596
1852
8316
9334
8291
9756
2639
3205
14098
6924
14014
1399
13341
5450
13531
13209
1979
4627
2424
1933
12809
10826
2056
6896
4317
10008
12520
2042
13510
11073
9170
14000
6333
2893
9329
10807
5740
5025
9744
9178
6382
5526
5535
11794
1861
2043
2903
2480
12345
6065
8266
9269
2236
7914
11389
10453
2020
14118
13110
10169
7949
1911
13173
5542
1853
10407
11404
12344
13977
8361
10174
9962
3640
12285
4314
11328
2175
11055
11151
10234
11773
13342
13396
9811
13963
11074
3611
8075
2634
8410
7793
1889
10521
10107
9218
8589
13914
13948
2491
12337
1414
2625
12968
9211
14081
2227
6331
11532
1306
1920
8595
2025
3895
5204
14001
501
10502
1572
1766
12970
8622
8671
9332
9802
1873
12153
12154
4299
13915
12447
3899
9696
6277
8262
2417
2057
12961
10064
9681
8265
1635
2898
12008
1385
13717
13994
1409
13852
2633
11114
6388
7382
2061
11311
1913
14101
13175
9961
12112
7434
7515
11507
7225
11510
13781
3028
8878
4585
1064
10002
13931
4951
4625
1396
10858
10009
1907
2627
1405
2034
11069
1408
2905
4639
1780
2070
2066
13118
12164
10840
12304
2067
8314
8039
10115
5492
9776
2442
3044
8957
4065
11068
8268
7348
7481
7428
6063
7385
6257
12430
2029
10282
11064
12971
11190
13299
3668
10540
12103
5655
12962
14088
10449
9214
7374
1330
8670
3054
9834
11162
11945
1986
1403
12061
10644
7616
7714
10007
2194
13592
11253
6600
2000
7511
7378
5545
3202
10478
13574
8261
3021
13113
13972
2028
12966
5452
13878
11417
12428
1569
2063
3084
5543
1856
9956
1393
2071
5023
11236
6327
1840
2011
9952
6678
1891
10420
13134
14025
2224
11831
12009
11652
14008
14004
7774
9161
4634
7513
13995
1413
6120
1894
11429
1972
11213
13689
6108
7779
3211
7478
9820
9798
6244
1795
12260
13956
7168
9204
13850
3537
7425
1802
2068
9466
14006
9844
4762
12140
4273
1870
3204
6601
2024
5537
13969
12811
2016
2486
6714
1775
7307
5717
1773
742
3896
7800
14058
1312
1963
3209
7443
6330
13751
13939
1404
9721
9330
11050
4651
1899
11265
9210
7517
10825
5931
12059
14063
9497
12561
1226
4641
3124
2635
7401
9044
1956
1765
13178
1776
7870
14013
10173
3602
12342
6758
10763
2014
13728
10642
1394
9783
9194
1303
12192
10203
9660
7588
1571
2052
8658
13785
10104
9133
9817
9794
6325
2552
4630
14012
1644
5850
10044
10408
1984
2804
1346
11123
11683
10011
6925
8074
12238
13422
9195
2468
13114
6713
9955
2901
2058
7719
12133
13644
7381
2059
1801
7429
8349
8661
4674
13530
7265
12782
1774
13305
13202
3038
13290
1957
2232
10167
1789
9963
7455
7427
10281
11167
9746
11076
10161
2017
12302
2632
12134
2897
11549
1391
5626
12835
507
1859
13529
11002
1377
2012
9819
1936
3200
5969
14035
3888
8699
13508
12760
6322
7790
8330
8267
2006
11917
12037
13126
13918
13507
13778
1925
2335
12055
2048
12895
13987
7266
13036
13784
12335
3197
5533
3013
2430
7005
10156
11509
9799
8264
9069
10304
744
10627
7364
13900
13928
13111
12717
10171
1915
9217
12959
11208
8313
1339
9333
7803
1374
2050
13112
1944
5072
1982
7169
13787
11314
7795
2023
12723
2906
13568
2239
6387
1772
2054
3065
14070
3195
13298
1930
1395
14076
7479
10620
1368
8095
10005
4067
12965
6332
3027
13532
1895
9499
9093
1916
14017
7801
1411
6053
1929
1877
1943
12629
5529
11316
12808
9658
12343
11676
9578
8026
12921
2229
13528
14062
11125
6807
9659
2278
4572
10895
12004
1950
1803
4068
1958
2032
6326
10679
9215
6329
12400
10737
11126
12918
3323
1389
3208
6328
1962
13805
11072
13934
10301
5532
11480
7250
10391
5464
743
8027
1874
11077
10195
10972
1883
2485
1375
1790
12558
10865
13938
5652
2046
1398
7844
11780
5536
10809
4633
9169
2446
6555
13750
14042
9913
7797
5541
5134
1885
8318
10245
7804
10302
6435
12244
1845
3081
1844
5527
12654
10828
8664
7792
9414
2047
9202
2060
5743
10864
11702
9209
7716
13044
7480
8045
4986
8223
9212
1309
13661
11897
5973
10165
10004
4316
5798
12806
2022
10164
14071
1857
2033
12722
9562
13996
1415
1924
12967
9812
12653
5538
2065
6336
13188
2197
8144
2026
12766
13897
7680
7477
4635
1912
6918
7678
9053
9331
4319
7717
9468
10202
1792
13583
1407
1009
13527
11075
13249
6819
14080
2049
6715
8956
8600
11143
10160
13526
12341
2040
7491
8509
11703
13198
4566
14002
12810
1412
9295
7170
2180
3186
9656
12243
2553
9435
8993
12610
6383
8442
12724
13587
13901
2902
9172
12395
11701
7357
12515
13374
13240
11062
13116
9182
13782
12682
7334
10168
3891
12492
6553
13193
8363
1783
2623
2618
11494
5136
13935
7337
14038
1918
11795
2412
13381
12137
7802
11163
10788
7516
11049
11206
1796
14047
2030
9623
6818
10045
12361
5741
2234
14005
2062
10985
1905
3210
9949
1390
14096
1988
14056
5531
9927
13102
9588
12807
9657
9216
13783
1886
7681
11071
13772
5716
7557
14036
13716
10653
2413
11451
5540
8312
12923
11147
1406
2800
1799
5654
8106
10823
1851
8688
7783
5530
7995
13820
11127
6854
11499
13208
1968
14057
14018
3420
4569
2429
1892
2454
8083
7567
13652
2019
8625
2231
7682
4550
9950
3192
13380
3198
7799
8667
14003
1826
11749
2900
10389
1864
1767
1294
2179
765
10507
13612
741
10409
3669
12899
5258
8309
6632
9300
13525
2420
10170
12426
9753
8597
10175
10660
14041
11225
8076
12326
1784
3897
3207
2009
6501
2045
1770
7656
9822
3193
1777
3144
5024
2035
12366
10824
9622
9498
5656
8835
1798
4637
2228
6816
4952
13735
2087
3810
1410
3206
13983
3898
1663
6922
14037
3018
3889
14010
4546
6731
2317
5852
3049
9208
13509
2044
11042
12648
1397
10406
6923
3167
13395
5525
10364
1788
13902
7710
13015
10010
503
4300
13332
9177
2053
6711
7383
1995
2426
14007
6334
2277
5653
5387
10576
7392
10006
1769
6105
13997
1910
3203
2441
4695
7796
8107
2075
1881
14027
10012
13932
10851
1782
6709
2031
6337
6131
12969
12972
11535
2233
2051
8269
1742
7384
14009
2076
11204
14016
6514
14095
1888
2147
2133
3076
1935
7751
1625
2484
1400
8428
8681
13937
9959
13369
1978
9500
11712
13725
8035
14015
2013
4600
9743
13092
1357
13429
3058
4631
1923
12340
9958
2027
13519
4640
9788
5036
6026
14011
6037
7993
7646
12477
506
1998
13777
5657
13908
6683
