11602
757
12598
1299
8984
7611
4561
7355
758
7462
2254
1420
11116
6209
3782
5397
4215
8210
3266
6768
193
7082
2997
1267
3233
6415
6983
8390
4653
2487
543
3154
11743
3529
5975
11694
9765
8307
3598
3390
6895
7097
8207
5821
13827
5815
9546
12441
11706
8097
8282
1334
13974
977
1758
10043
3219
9889
402
9762
8729
6554
11004
3887
9090
2949
10689
12264
1578
6977
12444
870
3850
11196
12871
7883
8198
6760
10801
12307
12679
8249
6395
12691
7898
7528
2970
12753
508
11138
3920
2451
4099
9910
11851
10400
2537
8553
8356
10377
12159
10980
1621
935
12141
5142
11440
1453
338
5592
6463
13674
2089
8439
9100
4846
4920
14093
184
13418
13780
2566
6900
13233
5028
3628
12226
6914
13498
11849
13457
9162
6313
495
12156
463
11671
9511
8712
13459
8347
12233
3951
3484
2813
8167
9809
985
7780
12688
3731
13961
4014
13020
8172
2007
6689
2433
4027
4531
8854
6990
5374
3382
10565
7252
6572
7986
8968
6662
8819
4028
7876
4465
10136
2469
711
725
8732
5106
1043
7632
8918
7272
5207
2103
9239
8649
4034
3635
12705
2936
7468
2766
6394
6770
6133
3912
10147
13174
1168
11228
10930
9237
403
9294
13311
5612
2671
8181
8375
6353
10719
7599
11899
12853
996
11954
1506
10014
1124
10726
6215
3592
6253
4309
11723
32
3993
5066
3552
1690
11501
10383
11197
12973
9630
4060
6185
8616
3047
9806
7407
2294
3146
11750
11171
1217
9555
2157
3790
4483
12472
5704
4127
2691
3452
656
174
5995
9846
5030
8430
5148
6320
2093
8924
50
7952
1478
13504
2870
14029
9482
9526
3136
9196
8864
319
324
3457
2954
1297
1173
11319
10511
11291
2074
5840
8259
13339
9335
10634
5191
5395
3514
12893
7142
8792
7503
10519
8687
10625
3976
12995
1062
7690
14091
11032
3360
12094
11365
13984
3445
4056
11424
3869
10079
11614
767
2849
4560
477
5574
11088
13425
3587
7733
4692
4717
12051
12169
9901
13046
1545
13470
13706
9495
4945
486
7975
1307
3647
11468
13436
7251
1252
2371
7909
11441
513
7902
91
11139
9048
11242
1211
6312
2309
10790
8983
5490
1442
12077
6169
9857
9752
301
5067
11856
6019
5060
8734
4458
2842
4345
10188
7994
11672
1233
4679
3293
4149
9446
13684
242
3600
7035
12070
6937
640
4298
1608
6135
3741
13288
6247
10998
13476
919
12905
10305
6798
11244
3705
3914
11910
5590
7072
6171
8209
2522
10844
3491
7735
7470
652
379
9134
2201
11815
13270
11850
6889
783
12630
9796
7014
3783
10077
13917
7760
6917
3275
13869
9421
9532
13671
11434
8423
8655
1689
12104
7586
10745
5886
11537
2211
6357
9106
1300
11239
748
3321
94
10979
1241
11571
395
5756
894
9703
4754
11306
3156
13256
6413
13696
4595
11461
13041
3023
745
12916
4291
2086
10189
13537
13607
3107
7809
10026
2136
1042
7077
8280
4739
5835
3312
5238
8179
12145
3064
8784
7753
3606
3490
5825
1232
8543
2198
9340
4755
12931
12839
3140
5097
6940
4190
6688
6836
12320
249
10528
8191
10356
13697
13449
6549
7500
4590
11715
739
7709
5794
11046
2680
7589
8647
12929
6446
6792
127
886
6963
2154
4245
6910
208
10385
7908
2300
13906
4251
8143
11305
4302
10592
3289
13923
61
2978
3637
2405
11556
7182
586
291
6013
2498
1011
9426
10870
8290
12297
5679
13146
13694
8061
8120
7221
12643
1066
13024
2318
6986
555
3062
10445
251
11100
12288
2734
9574
1056
12318
7292
4621
13911
10467
7241
9325
12245
2689
10035
1269
5006
7916
5767
3834
12704
653
3086
8836
599
5560
13887
5369
11631
4989
9869
6318
12510
2721
10459
5172
7444
5440
1848
11576
5845
2587
7405
9310
8412
5099
9858
4933
11767
3658
7544
3664
4026
3585
1109
5919
4179
8455
7561
2886
13307
10722
3361
2367
2606
6623
13066
12655
10782
135
10776
2626
4425
10388
3011
12298
1176
9758
13702
10715
1716
8022
10878
4222
3162
8468
14090
13303
1794
9560
7674
4722
4453
5749
13713
4667
11679
12728
4250
9112
8635
2265
12534
1553
7028
7417
4617
4404
3283
2605
2372
7911
6885
13641
1804
4891
8813
5898
8722
3175
2601
12358
10144
821
2163
12494
14060
826
616
620
11882
7280
7581
5360
5944
4587
6608
12390
4391
530
7010
7055
10249
3666
1243
5805
9257
11524
9766
8867
4883
8298
3494
2362
316
1607
3378
10949
3161
13027
3364
983
3505
676
3471
4086
2333
6129
10265
3684
6007
569
11953
4748
12283
4416
11347
1236
13224
10770
10852
8444
489
6497
8629
11382
3942
3516
13050
10905
8648
878
6112
3580
10778
13180
11288
1698
8764
13638
3586
7623
1164
4449
5610
9441
608
3927
11603
11685
13409
7766
1214
12203
8438
8111
2357
7298
7536
6951
3757
4327
13740
10882
1994
10362
13214
3444
2640
2693
5688
13119
7692
4018
629
6483
10330
12994
10042
11591
11008
1318
13688
4243
6851
2519
234
11797
213
13086
10248
4502
5474
8388
3527
3673
7457
5605
2499
6859
9062
4489
9276
6783
12549
705
9022
3605
557
12370
1159
8706
8758
4873
12251
1610
10038
1384
1468
3854
9063
8641
13786
2667
5437
4301
7518
8434
957
4283
357
5116
875
8233
4288
377
12106
10944
9384
740
5728
3718
2114
524
6832
7531
11982
4703
2990
11289
6862
4701
6265
11458
4834
3350
9729
10535
3072
1040
5016
509
4201
13096
2365
11158
5032
3128
11727
7172
13068
8533
6168
2445
7469
7967
7669
8942
6864
2968
3237
7001
12683
9547
10464
12373
130
8756
457
4773
9412
4649
428
1764
11058
9936
13744
12440
7287
9457
1633
10884
2583
11188
4183
11520
11937
11531
3252
3050
12003
368
13097
6450
7607
11219
12372
1825
8880
13054
5735
9617
6637
7595
4698
10487
2348
4757
10393
2853
2817
10936
10948
662
11704
7988
6551
13595
3185
2401
3708
12936
11096
5507
2493
9536
6386
8654
8413
11045
355
11649
911
13382
12559
13842
3339
13281
12851
12657
5549
3696
10181
10141
9345
5959
12743
1554
2152
12605
13553
13942
2879
4131
7629
13267
6317
1304
13039
3836
12464
13471
10532
12207
7408
4154
7494
9432
4512
10145
11203
1022
12858
2081
9417
626
4799
8089
4236
10355
1543
39
11943
10128
10759
9947
4340
763
12821
7102
2478
413
2530
8960
4837
4515
2772
2274
7715
12954
6165
13437
45
1189
12756
2615
6784
3398
1117
3644
12848
2381
7325
11650
3421
9108
5339
5791
9289
12402
8542
10121
167
13016
8817
5084
1712
12928
8628
5517
10185
1615
14110
12710
8516
8605
12593
3454
12456
9553
11039
1606
3297
9667
8432
8537
9999
3346
4555
865
9120
7922
11184
1341
753
2910
693
10015
12660
7965
11798
6738
11104
1180
3711
861
4544
13614
1100
2646
5064
2737
8815
5158
86
5745
13659
460
5260
2351
11152
13219
1292
12677
12981
1045
12333
7810
3871
10346
11271
5577
3573
3311
3119
12588
3631
1487
6359
11015
6031
2616
13185
3472
8310
5418
2831
10476
4659
11047
1685
12975
12475
2878
2212
3230
2829
858
23
5986
9577
6163
5964
945
3372
9297
13408
3174
1722
10354
7699
3788
6295
781
13327
8090
9381
6705
2126
8297
8162
8812
5011
955
11454
1250
3769
9926
6626
5077
2079
231
7703
11023
6945
3575
59
8431
687
13306
9185
4235
3103
6843
11755
8177
5366
13947
11613
10765
6392
5243
1493
6776
3460
11609
3104
10515
3789
4964
2919
227
6002
5156
5595
8883
13563
13088
13359
9770
2549
10531
9556
6091
9286
1457
8748
81
6461
9371
11779
2501
2720
13430
2164
1426
6981
13357
13407
8708
11490
12239
120
3919
11105
7398
11409
8842
12266
11086
13742
13375
12148
3425
1291
13896
7832
102
9580
13109
956
4362
2271
10436
10285
5294
13252
7460
2933
230
1862
11329
2509
9066
11908
5571
838
12791
751
4908
4496
6230
5040
5265
3946
166
3655
6788
10031
7315
2273
1546
2844
5412
12739
2696
13393
72
5300
6422
233
1605
12796
9361
8051
1379
3036
12354
6127
1319
8962
11401
3594
10151
10908
6458
5291
6946
328
9372
10614
7222
976
13686
2150
12452
6444
10562
3838
7553
12665
4066
11523
13745
11491
11970
10829
5974
2418
9639
9741
10678
6040
4898
12466
1041
3251
10783
9199
6070
13419
1926
11411
5107
3725
4238
3913
13854
10697
10797
1372
10066
12979
8420
9191
5954
7360
2514
10324
11012
10097
10753
11128
13732
1584
6681
2299
8790
9086
10595
224
13642
8615
3061
3366
3604
8445
9142
3232
2806
11837
4105
12939
11737
9505
10626
6198
400
11792
1499
3292
5928
11362
1917
10510
13145
7037
8050
9141
7662
6495
5332
363
10382
6857
8513
5661
6423
6349
5857
12201
13344
1934
6144
11483
2391
13156
418
10750
1459
6687
6630
7135
6274
9793
8761
3045
12225
282
13927
5297
5814
6652
13127
2316
11085
2678
2289
4732
10677
3254
10695
4987
6848
12620
4164
79
4188
5644
1761
11339
11500
8008
12384
8230
42
3031
13164
12586
6005
13454
5698
5083
7155
10629
13124
1614
5520
12897
785
9324
8448
2709
1842
13090
9138
4745
1184
12025
11814
14103
12725
733
6838
11327
1383
811
1171
3525
11087
6635
14112
13406
480
11202
6612
6578
12247
128
8528
3732
862
10927
3748
8693
12935
11721
3096
10399
5998
5970
13489
10369
2192
4353
6147
7263
6086
7115
13482
4603
6397
2331
10945
10290
7305
13517
6987
8503
13390
13364
10225
13841
10190
3188
1464
5775
8043
11391
9528
4573
4737
276
12200
145
5476
3470
499
12331
6197
4902
4473
13524
1843
1129
5844
5391
9884
4751
12100
1717
5422
3777
3149
7961
6886
281
2364
12215
10618
531
7845
4934
198
10648
12144
6362
13018
3017
8474
12529
7205
7660
11402
103
9886
11374
4926
643
5621
6022
4654
6366
2575
9401
8343
9046
8739
13944
1327
10812
4801
3507
48
9144
10435
4479
2675
3284
10216
1193
5416
9393
2315
7327
11161
4490
8652
354
7404
3486
7546
13823
11249
2250
222
3194
4343
1768
6903
11446
1273
13557
1044
10577
6029
12044
4403
12010
13158
13847
6118
13497
12536
9880
9849
9140
3368
10105
10963
5488
9616
7279
2904
10742
9571
6030
2117
10099
2763
13872
13734
1720
12011
10410
12741
3677
3570
8287
1748
8476
5765
9720
13486
5069
11222
2472
5070
2557
9862
1627
4769
11310
11771
752
5347
2643
13768
10488
8783
5041
10455
10603
27
12138
13186
5895
8132
7946
5334
5837
11052
1601
3142
2875
8422
3183
6558
6603
7776
809
13140
8478
5665
6741
4325
3513
13864
6438
4115
5231
8042
3982
13523
2243
12526
6543
750
5091
7188
6974
3151
12863
11612
10023
12371
2769
9493
5045
11922
1023
3909
2614
8720
9566
3415
5375
7825
11098
4277
10367
10529
6016
369
6264
12081
11568
762
9084
2822
6527
9738
9465
3579
5932
6092
11870
6212
1367
13838
1887
6101
13594
7369
487
6236
7338
11901
947
2887
11251
3182
2209
2141
8961
5414
13361
11462
5319
10524
8126
1648
972
13631
10228
12840
191
7926
6567
8092
1272
10646
12693
5439
7979
2225
12902
10575
1434
9399
9479
12270
3764
11131
5744
2863
10698
11285
11258
12332
3320
312
5647
8041
7879
5324
10051
774
1598
630
10351
835
7853
9835
8427
2908
12802
5810
9040
5817
7260
6158
6955
13863
13679
7128
11888
4017
4586
550
13370
13105
11286
2223
822
12080
13200
5151
13383
5948
10928
6150
522
6232
1508
5266
6281
11601
7278
2237
7220
4711
837
9078
14109
12295
8866
2248
8173
13045
7768
8848
11349
1083
13907
7740
5692
8900
5093
7555
11545
168
2973
14092
10199
13452
13857
5632
13764
13726
5261
9504
11906
3980
11324
5792
10492
2926
4370
14040
7482
12942
9061
12767
10076
3902
11989
9145
5331
5664
4657
1228
13162
12381
712
1726
9551
11263
4877
3832
2756
10543
6358
10
8334
6965
6315
4998
12076
6045
13347
12351
9246
13681
675
4049
4656
8541
6672
14099
10701
9535
9879
8415
5271
10139
1514
13743
423
1097
9810
1127
12748
7784
8703
8782
7930
5396
8897
2877
2750
13427
2291
7939
11868
10848
8499
10815
6949
13579
9224
3240
7899
3213
5721
21
11726
3409
8888
6490
11529
3109
6309
1952
9119
9593
2947
13653
11240
2358
3524
4628
1953
8247
871
13440
1257
10473
3424
2798
8559
3241
5498
13833
4993
5393
10676
11793
8967
1548
8169
10146
713
7843
12158
13890
2736
11606
4844
1135
3852
2686
9303
1358
8196
12412
11859
9645
1824
3632
9306
7238
12405
13666
2649
12911
3164
13683
7788
12956
6018
13078
5120
12171
7330
9378
9060
8301
1001
2379
12890
10120
8825
2786
10953
5368
5475
7904
690
9136
7826
12451
13506
6508
4189
7463
5589
13832
4310
1581
3739
1510
8195
6226
11838
3242
7230
9781
5400
10811
13856
4691
6485
11611
2459
13377
5479
6507
13071
8046
2419
2865
12125
9597
359
3377
6292
4736
7813
7391
2749
5742
8686
5637
10444
1077
1147
9800
2644
9440
1115
10468
3165
12108
4758
188
13709
4947
8852
6547
6054
13543
3413
7176
5104
5214
11270
2440
6563
3651
1255
876
2930
8800
3351
13172
1344
6067
1781
5127
8659
7865
6546
466
3042
11090
4460
12680
11810
8575
10117
7322
7817
9527
6802
10522
11972
6099
1092
4782
4847
5623
12815
5668
7839
4890
10322
12527
10794
9116
2867
318
6057
12600
4645
8182
1436
7192
11904
12509
5591
14044
5494
2378
4367
3787
3756
7668
533
2284
8504
5447
7193
6704
8156
1641
3342
621
109
1955
909
11525
3394
7107
6134
7154
3571
1557
13493
10752
1448
8079
7190
7011
872
1027
4925
2558
11194
7090
5071
12578
3528
2306
12202
1513
3134
5809
3622
9971
7980
3674
6720
6591
7394
12949
2807
4119
7526
152
10639
8281
1619
7313
3908
9757
13195
12696
5061
3796
10495
13598
2656
10208
4078
3480
8036
5790
6151
8495
4036
1352
13959
12050
9386
13171
731
2894
12347
6904
11386
10605
180
2308
8228
3884
2561
2439
12532
8571
6620
4194
11264
4388
5706
13858
8070
6793
9745
1946
7218
4196
12355
9647
5277
635
801
982
7171
4445
7924
3978
8302
11432
9265
4981
2174
7136
7897
1688
214
1427
8620
7694
4776
12707
7312
1194
14032
3855
832
13157
4812
1140
1345
12167
7461
2858
10610
4166
8830
1732
3921
7846
11999
12933
11595
10771
6255
10659
13074
4761
791
11337
6355
4
9428
10179
13398
11470
7862
3856
1532
5684
1959
3503
13138
4791
5566
6009
9151
644
10059
5963
2585
7729
8634
5102
5408
2670
4916
10564
6708
2739
3253
10713
6343
12277
4618
8001
383
6873
8988
10276
8190
2764
8402
654
2708
3414
9521
812
2524
12664
5309
12785
11437
9425
7885
4255
12204
6119
7412
5175
5068
9152
13464
12021
7474
9317
10050
13936
10200
8192
6723
13495
6737
4374
6219
2166
11941
4936
9882
1806
11586
2127
9734
14053
1183
13868
3826
6928
11548
2128
4576
5279
504
7085
6363
8592
581
1076
239
4339
259
3941
1961
4012
7198
4294
12150
333
7476
13831
3840
5362
13585
10423
11227
4208
7664
16
3943
1369
663
1197
1289
7447
4152
3815
749
12099
14097
2866
98
10441
3799
13895
11430
4886
6764
10098
905
3813
3155
8057
7688
11790
12038
13285
11226
9168
5754
13132
9748
11604
2995
11019
4602
6869
424
8395
6694
6897
8214
9591
6828
4975
563
1361
4664
2389
7820
3704
12016
8760
8868
986
8225
10574
2611
8324
4165
7196
3730
9201
9478
10110
8700
8480
3865
90
7759
5832
9514
13979
11876
10212
11639
9612
9855
472
10386
961
6638
5100
5317
2272
9899
13663
12301
13189
6595
10191
7964
5882
3520
9785
7395
7323
11544
8398
2845
3267
1048
1668
2565
8644
5109
10263
6280
11914
9186
10837
6743
11697
9127
13843
12584
8936
101
6535
1366
8197
6474
12071
6586
8236
5356
10508
13701
5569
12615
1942
6440
12258
9724
5733
6519
4856
9229
8104
5548
13011
7628
11137
6414
11246
6559
3073
3737
1822
5281
13926
1051
12823
1863
3656
3500
10315
5461
6775
7606
13867
246
727
1315
6418
5598
10461
1435
7569
12115
4195
2790
12904
10429
5907
12875
13814
6849
510
9476
7593
5125
10546
6482
2677
4927
4198
11551
9467
13467
7013
6619
13986
4506
4706
5038
6800
11473
280
13680
2097
5117
9821
12309
11892
5193
6064
7122
10278
394
14049
3429
3970
4646
13758
11326
1239
3249
704
7636
10230
2662
2311
3236
6284
5763
4892
10553
110
1522
14034
5667
2095
11178
3434
5985
11094
11457
9550
6373
10397
1636
8772
13264
3633
7886
6496
5082
8733
7720
7153
9713
11632
13468
9840
6286
13624
3404
12496
12393
12983
7332
10311
3260
2581
10395
6892
5135
7736
6561
3313
598
7750
771
12948
9635
6098
12397
5079
12573
4532
14085
11590
5672
7475
4510
13318
1380
3347
4875
11101
3544
2131
1664
12548
11950
2533
9431
3933
2421
614
5811
9290
7713
9158
13704
9587
8908
2907
5432
8609
716
12524
8020
9006
6824
9058
5619
4295
12039
307
11670
12406
8846
12319
11493
1504
3653
2591
7945
5875
3619
7978
13227
5336
8137
6488
13556
6476
4001
5925
646
10471
3177
6475
10602
6140
5992
10702
8394
943
12550
1244
12742
1666
5678
590
11592
1561
11841
6356
14052
12669
11216
13103
7962
2106
6416
12978
3931
13630
6920
7400
820
7484
10155
13137
5729
3041
3798
8135
7262
2036
5075
8502
6015
9878
11765
8621
2525
422
7007
9565
9486
10307
7542
7848
2259
6266
800
5801
1034
3239
7226
5081
11920
8311
310
12075
6660
8822
12908
13632
3563
12867
12622
11423
6542
1019
1618
12829
13572
6106
9680
883
221
8695
4944
11399
13139
8903
10072
11476
8519
8345
305
7321
13326
914
13335
1515
8323
12135
12575
4037
3379
7454
2957
2098
12951
1791
1728
4204
9825
4136
3780
3848
7490
3659
3950
8294
9470
5430
2872
1993
8863
11696
4655
11823
5625
1977
12713
6311
517
5208
12431
8694
3917
2847
13405
159
12634
1676
9539
9969
11691
13804
10517
10696
7032
9131
12321
9352
9231
254
3621
10841
3747
2827
12667
5941
7092
12107
11758
694
2684
10479
13453
13415
2214
4594
10239
10241
8115
7689
8640
8753
1960
11261
4746
12126
6181
7577
5719
4174
7118
9252
4420
4137
2794
13293
1116
7148
831
7541
4579
2100
1207
1491
10084
6584
6227
4785
2292
7465
2
8421
12356
7185
304
348
11367
11886
5584
10860
6746
2329
13591
1949
6411
9033
11821
2356
3967
1653
627
3880
2249
6939
10078
11802
11806
5478
10273
9464
11762
3316
9091
10951
5056
3567
12315
12060
13619
7868
6617
9943
172
11857
4043
7527
3196
10405
8418
12118
4440
10670
3778
13776
34
7545
10329
5280
8435
12290
3723
5321
10326
5035
10959
4961
5177
11156
4797
2443
11976
10229
10054
7859
8073
13793
12121
8675
13428
11448
5219
3450
6020
9641
11979
57
275
10624
6085
3576
4418
9067
3087
2668
7354
12419
11245
2260
2370
1154
11010
3322
4713
6289
1288
13391
3973
5604
6180
8381
4436
5505
10566
7767
1342
3843
13276
11007
4284
929
12034
6875
4845
10830
1049
4685
3988
13446
9088
5732
11013
5611
4296
3336
11284
13677
12855
2700
3451
5233
11
5349
8141
4948
859
6199
4724
10226
10450
2406
1094
9261
2241
4591
9890
114
8521
13941
3285
11033
5725
10396
10691
7626
11419
12007
13142
9458
11394
3847
13025
6304
3327
4997
2540
8811
13801
7855
2704
12658
1259
10246
8660
5458
12102
6218
7375
4193
1937
6072
12986
11729
8638
12327
4260
2323
3531
4887
2377
1602
10527
4815
8251
13761
5861
4221
12282
7834
3097
9370
968
12362
1650
13533
11082
8004
10198
1121
9244
3624
8843
11518
13651
3416
11891
4609
8340
4598
3126
11018
10754
13940
6223
885
1432
4869
8602
8183
8821
1793
13627
9881
8466
1449
11038
12842
5314
10207
12953
5838
4990
9181
279
8710
2932
4380
12671
10990
261
5677
5138
13253
4931
2303
5634
9662
7873
9841
901
4535
12597
10340
5443
11855
11965
194
672
143
12114
8953
9643
10743
8767
13675
7959
12647
7248
8254
158
8354
1564
7998
8946
11512
9683
2754
11573
3433
2939
4157
11252
1201
682
9628
1609
6590
1279
2267
7655
10849
7396
6512
9042
8951
2864
1354
9730
9894
6087
11280
5707
4212
10235
7622
5485
205
2528
12265
5576
54
6082
7806
4177
1157
4335
1166
4862
8796
2268
13064
10855
6550
9374
4721
10415
4783
1624
8745
2592
3276
8945
11760
12052
4360
5877
4321
577
12770
5033
13205
7647
836
12656
10757
4292
11635
5579
11674
3163
12408
4387
6587
8333
6421
971
4584
8869
6056
5380
4539
12868
9288
11807
13184
7666
2539
4168
9318
2078
10081
9957
12889
13593
13121
11562
4104
12714
10631
13029
12830
10201
4487
4173
10989
13360
12465
14069
5553
1757
11489
5394
4046
7467
795
3958
10303
8582
1678
12249
9130
2153
7134
13962
9896
6300
1070
9292
12900
1322
10681
2210
9690
1582
558
12910
5952
12242
11645
2987
1549
1208
8368
3246
4285
1222
6806
11405
10370
1265
10484
10465
20
10017
12645
12736
441
6735
1898
12462
9684
9839
9045
4450
11255
1750
11173
2474
10902
13329
405
3501
9711
8610
3900
13292
11628
6136
3511
13571
6726
13912
10266
12072
67
144
12673
3199
9462
10062
13455
11133
11923
1296
3440
5005
11930
10252
13169
6532
10630
4266
7532
2664
10557
7989
4163
11095
1063
7127
2821
10710
10694
11381
11300
10132
11043
13431
8894
850
13599
2765
2785
11695
4492
8650
7604
9726
7079
588
10124
1013
3123
1537
1932
6615
2723
11764
9065
4053
1047
10457
2604
11801
11643
1727
7099
7204
373
6894
10931
290
9740
4410
803
8719
3299
3634
796
4823
6868
8865
1744
7982
2104
3630
253
8315
2777
4719
5746
1658
7233
3678
13226
7966
792
1831
3734
5431
6624
12790
8149
9247
271
4444
12273
12116
9848
8996
2914
1268
8915
5407
62
1462
8972
148
3994
3319
9856
13009
3821
7343
7956
6722
6996
13061
5080
6173
7791
13433
2776
9921
4080
12547
8320
11395
3754
10911
13539
594
9407
4893
8003
549
4414
10158
10580
426
11109
1677
367
10332
9916
454
9008
9778
2828
2321
207
5312
6729
9222
7157
5210
3157
3234
12048
10055
8636
848
6663
100
339
7295
7985
12421
7126
11553
9501
2220
5196
8460
6436
6152
5883
3578
11996
7140
484
3102
13060
7070
6642
5264
1990
7615
3685
9266
1902
10087
7066
2203
583
13762
11295
4894
1376
9854
12937
10938
8308
5065
6855
8911
519
5700
3672
7907
10817
5457
7957
5335
710
9256
13596
10556
5855
8637
6155
51
6480
562
11931
1997
2369
3381
9710
1565
2183
1592
7521
990
7376
1465
4167
11117
1643
4911
6856
2725
13500
70
7390
4158
10649
7523
10331
667
2240
1807
5155
1160
8084
13633
688
11534
9279
2610
5174
11351
10958
11863
5909
589
9481
7864
30
11589
11567
9341
4122
7211
8
10113
2122
22
13797
2144
2810
482
4330
391
12670
9344
10206
12860
140
13877
11169
240
1839
6049
12757
10867
8014
9475
3599
10671
7835
5130
2402
7052
8551
1213
13991
8018
4063
3654
12065
9739
12168
7856
8496
685
6938
9200
5546
2690
10806
4480
2253
9673
11435
11345
13621
1738
11732
3936
6254
8491
2619
4140
2974
4957
6469
12275
3476
6932
1152
13035
1596
7919
1310
4332
8489
12110
2494
8730
10643
8082
12595
7999
2761
9369
13930
3607
9308
2885
8391
12607
5878
8226
5578
11159
1223
11648
4407
9563
5021
5110
1762
13100
5
6682
11878
887
1172
1112
6178
5818
6763
10334
574
4562
1524
12887
14105
8987
10919
11813
2456
11312
5372
5551
11864
11183
12178
3616
7207
1475
4932
398
37
1305
2650
1234
10594
12286
11593
9379
6287
7268
4747
7095
11800
3288
7863
7184
10150
7125
13348
2353
10654
13559
3771
12385
5318
8059
650
3825
9320
4094
1424
7116
5663
8546
9184
11538
1421
910
238
1570
3439
3
8339
9419
2972
6872
11079
754
7199
6604
10261
6233
13552
7229
4409
11368
6073
13397
10123
8138
6202
4411
1661
1516
11154
11634
3419
6164
9368
7948
76
2380
4838
14107
12232
9707
12752
11731
5793
8380
6701
6121
9166
11320
5346
12053
5365
4123
13610
5689
8690
1485
12066
13903
7928
7017
1333
5523
7764
2002
5095
11481
3773
12187
9666
3916
2302
969
183
9705
6182
1046
10271
10915
9094
13098
5228
11113
273
904
10563
10178
351
9907
8810
6821
13824
10381
6260
11298
12746
10638
5916
4588
8754
1433
427
13664
11199
88
6269
13197
9530
10890
11741
9287
8424
11940
5342
2975
921
13043
12498
3944
4666
4712
10857
4032
13945
10839
2998
12246
9164
7358
9828
7145
3876
7744
5977
12777
5017
8789
11485
6865
11336
4833
596
10636
8055
8015
9625
9750
13243
13265
11160
8963
3682
4804
1314
1708
12599
1882
13123
12878
7316
10474
3004
3808
12957
10994
2653
7331
2310
7875
10941
4470
12005
13554
3296
5736
10030
2432
6537
11164
6745
899
5649
12117
13263
9485
12172
841
1084
1673
3707
2327
11413
10843
5169
10686
10118
660
2162
2940
1679
1616
1452
4009
617
13040
12336
12666
6417
10901
13322
3572
10907
3551
4505
10578
6381
11748
3091
13980
8136
5670
4910
8731
4117
6345
669
1017
13483
10579
7150
7921
12359
2313
8925
12281
784
1715
10795
4139
997
12553
3179
1815
2948
7062
4787
10892
5568
7823
7060
4270
5377
8441
4386
8387
13101
7895
7550
2137
9519
10308
7431
1800
3132
3519
8561
4738
2959
11397
5410
1904
3392
965
7872
7413
14108
10916
12123
12042
11687
7277
375
13426
9697
9843
7076
8393
8184
7297
8950
12652
9082
6890
12197
13284
5979
5162
3998
12030
3703
7143
11385
3676
6912
13639
8593
7552
2621
11526
5092
5945
6205
12147
9072
4023
5055
11566
6096
4118
294
12715
12363
12864
5426
4632
2928
12032
3712
3517
3542
6950
9836
13904
6297
12879
9925
9631
11495
808
6984
5911
10942
567
9314
2555
7311
5152
5841
3700
2064
2560
12216
5562
1743
1463
3459
9948
4303
5119
13416
123
1295
11987
10375
8573
1908
13163
7302
9023
2288
13826
3238
2510
3287
4593
11642
11822
3015
2783
181
13606
8569
8113
6113
4507
13262
1547
934
10700
8627
12424
13910
9077
12403
13760
9982
204
10727
202
11410
4226
1221
2608
8601
12747
717
895
1141
7073
10793
684
10672
3956
13958
2726
8614
12668
3857
13032
7442
6823
2816
10640
9037
1370
6707
7078
12097
2375
11834
6285
7770
13835
12985
11912
1182
6573
6439
13365
10295
210
13052
10057
9847
10800
4218
3874
2835
1003
8892
4112
9359
392
1985
6159
5105
2411
8750
87
4176
3649
9236
610
11936
3304
6293
11267
11554
4253
7083
8716
12231
8204
10637
12036
2504
700
9240
11426
8871
6863
10798
8952
8776
2217
4682
11296
11746
256
5146
10854
7349
3222
9284
1338
867
12083
13588
6052
5761
10491
6296
1455
12698
182
6916
2168
6989
1266
4678
8436
5618
13514
8353
10489
6833
461
11949
8180
7485
8833
6611
7659
5096
2344
5425
6456
11321
8876
12952
14083
8159
6887
3727
9402
13667
9895
874
6503
6100
12323
12129
1231
3014
10452
5912
525
2176
11011
7340
13560
5879
9107
4265
4203
12927
7054
6457
2368
1632
7119
11217
4134
11277
12733
1927
13712
6762
7496
11833
2589
12589
12601
6003
12775
7213
9759
7639
7727
68
9838
8131
8529
10504
5247
1324
3365
10029
435
2655
10935
2518
10231
11569
4756
571
4431
1142
5608
7734
3386
361
3272
6866
8583
12883
13546
6513
2994
680
7399
9455
3809
732
287
3397
13465
2177
2359
1945
12229
4092
2366
8814
8056
13402
396
12703
7132
1747
12751
7822
3690
4969
772
12697
10236
6772
4422
9780
5050
3550
4822
4860
12750
5788
11768
7031
8332
10041
1838
8100
6525
3243
11782
7209
7324
9427
11615
9522
10426
7314
6046
1285
11465
11187
6189
3775
5088
11921
575
13813
686
9636
11719
7824
1771
10070
8176
10447
2148
11890
11641
4051
1033
2595
13538
10425
2672
1472
6294
7053
12386
9998
505
7296
3992
847
6820
1528
2834
4599
11745
5896
1031
3963
3467
13884
13775
3150
14087
5823
2707
9648
8234
5376
10558
1156
3892
6650
9021
12711
852
8366
2889
4390
12502
14067
13152
4486
2573
129
3930
14061
7866
374
13230
3367
13167
8408
11951
13860
4970
1577
12699
4919
11322
13392
7179
13769
10289
9585
8222
4320
7026
9183
8921
7769
2837
7762
11610
5002
12938
8896
1855
2681
13417
12047
12838
1622
665
7373
6142
4191
5112
11736
833
6454
10443
3330
4899
6645
9117
7304
9029
11358
13921
12551
13310
10088
285
1371
4672
12349
4402
11985
7206
5139
6177
4475
6921
12311
13512
5631
4383
4433
8437
5819
907
6718
13752
8125
13792
1418
1746
1852
4759
6721
10810
9146
10847
534
4426
5000
13985
124
8773
2262
7120
4730
117
11111
1941
2574
10520
6452
8923
1830
13604
7273
12227
4062
2934
175
3803
340
12374
1538
6639
2505
10498
8103
2733
4687
6506
5128
7419
5617
13441
4454
2352
6238
295
6258
8851
13547
7439
3867
3760
14064
12267
12537
12212
2160
2295
12279
2340
11108
8874
9019
9708
3935
9931
528
9872
1778
7075
11994
541
5230
8178
169
4005
9052
12049
1498
8154
10777
13141
854
9232
7888
4859
11192
12314
12074
3227
13387
13316
2666
9342
681
13967
12539
10358
7867
5635
9323
10298
6021
3861
13320
4935
10661
9876
6405
11287
7673
11986
7202
5150
5459
6756
8364
9632
288
4596
3870
4796
6379
11024
4863
698
12334
13439
11390
7650
14066
4810
7181
7807
4293
3849
5262
8002
4523
11889
702
619
13279
12958
6214
987
13913
3795
8633
11209
3709
8153
5140
4770
4141
7794
10965
7906
13791
3642
10559
6927
12984
1227
1612
5669
7816
13736
13562
3506
7925
14084
5917
10802
3245
5323
8025
2946
5298
8425
4282
11733
1560
794
926
6757
5351
7649
8317
11660
2001
12997
8581
1753
13151
11363
2190
11759
12522
9638
4162
9228
12880
7261
5755
7651
7654
10784
7613
13085
7937
5643
903
9515
12674
1760
7661
12521
9544
9096
12040
265
3749
13970
4271
9691
9193
10032
5132
8392
2146
13451
185
500
3934
10140
13150
7178
8327
3479
1981
1128
12505
11935
9000
4342
179
10316
18
9471
4047
7094
5063
8024
3291
9618
8928
7587
8538
3029
9496
2843
12990
5103
11442
8224
13221
10983
4780
6669
4982
4994
5462
6195
1030
2305
9537
625
2713
13278
5695
1755
10505
7565
5409
1710
6291
9502
7366
1954
4554
4534
8344
6079
566
384
6771
11720
425
4224
10570
3059
12617
1786
2701
523
7156
1734
11102
12587
2221
3667
13982
5782
4100
5596
13739
2871
10819
3269
12571
7409
9609
13315
4091
12822
10756
10238
737
13469
6132
5784
2717
5381
9299
4497
8991
8124
5333
4526
11570
7913
3016
6778
10068
13308
6380
5565
12280
6970
12503
258
1167
9113
6368
10873
8253
10600
8443
11828
3063
11130
5328
7318
7194
5286
1670
6540
1005
3106
5388
1447
8872
10221
11269
6647
12594
11848
2328
9717
7397
2534
1052
3264
6891
3720
4832
3466
473
2803
8578
5367
4527
2178
8539
12101
10214
186
5252
13566
4519
6565
10213
917
7486
10820
7633
13849
2314
11504
5624
297
4881
3244
9175
8040
1535
10109
7708
11640
11080
12906
6273
8279
3286
10254
4524
13968
9727
5304
8304
9538
436
824
8465
4681
3423
5509
3295
7270
2082
5722
10275
958
12541
11078
11774
12186
8887
6538
2812
125
12149
1634
4918
5935
1165
4750
3740
7857
829
5990
3225
1867
7048
11867
817
884
4272
1137
10103
4589
13695
8735
1989
3110
4466
6400
2698
1980
4879
2912
9864
6750
5484
13413
11211
12661
10987
4852
171
6058
13182
8526
4552
13800
6644
7990
3526
1575
12155
9327
12639
839
7539
6083
6703
952
11034
4359
6068
3776
7575
9733
1921
6529
9517
7438
13795
7671
6815
3937
4978
4031
4095
10404
1078
12516
1473
6814
2238
3522
4977
10272
9235
6500
5971
13051
902
1012
6403
7254
2780
95
9619
4229
10186
4083
5570
10708
11542
8116
5588
11115
12762
12240
12237
5712
4809
3483
1683
5001
7426
2255
6759
364
6842
8462
12980
12235
1645
1158
13412
4781
918
4355
2199
3265
5831
9027
12564
11756
3997
683
9301
11257
7558
8662
40
1787
12512
5615
13013
11275
8071
7638
7920
4346
7009
834
3114
8112
9243
8793
7756
13485
13542
8586
15
3259
8557
3881
10065
10547
2988
9260
1204
5481
9087
5697
9579
6302
6575
8016
7144
9736
13367
4377
10083
220
4143
13855
3039
7016
12380
4366
7850
6342
3407
4354
11331
380
10601
3554
3742
6149
4276
9892
4557
13371
141
6347
1906
4129
3474
1860
10046
12254
11689
2307
8278
336
5633
1202
2247
10496
2293
9874
9797
10477
1730
4401
3680
9540
3066
9607
11708
10995
10724
3290
11605
3060
10361
4623
3561
5052
11521
12533
13122
10089
10130
4956
430
5010
2184
1301
12501
3539
4128
12209
14030
6194
3326
1617
709
9413
13366
12865
13373
10970
2768
4673
11186
11061
7562
13022
6888
5991
12346
7625
10539
5573
13723
8707
8034
1731
2462
3661
849
1659
13737
7137
12389
7167
4093
2923
6725
1103
9149
10100
1149
3344
13260
3955
157
7840
11666
3991
4811
5186
497
4907
1021
3906
5929
11709
3078
6941
5310
1298
8404
1073
6
12700
5557
7255
5750
9487
4181
6041
13643
1696
11136
923
10746
5958
4792
9400
12434
11070
6625
3721
9322
13472
1362
6641
10598
3595
13634
33
6352
9338
2507
4513
11781
7123
12676
9430
13268
161
3158
6160
5726
5957
13072
8989
8160
11254
6035
573
13558
1719
6402
1811
735
5914
6906
11364
6137
10096
12020
2888
11449
1628
2193
6493
6585
8150
4074
8481
11866
10709
11919
6467
8522
4954
13505
11482
11315
1113
8917
6175
5111
10552
11387
8379
4744
2526
10048
9977
2612
6958
13747
6871
12414
12487
4039
5133
6138
5384
4843
3370
8933
9035
5448
5355
2937
11820
11142
8574
1290
4233
6401
11388
10581
5926
10886
6240
723
6837
2185
4029
12922
8556
9173
3671
3080
10975
11436
3774
10891
11005
494
1331
5241
2521
4495
437
12170
5442
7293
8973
10961
13010
6231
229
6492
9920
13179
3699
11150
2852
5131
2205
2110
327
153
315
385
8721
2824
8276
7700
3650
13622
6028
4850
7203
1311
1280
8121
5246
9285
10814
8672
7329
13731
7147
6935
3475
347
6748
6044
1249
3395
13458
12305
9777
13829
4096
13738
12317
3706
11898
10333
5572
2138
1469
9592
787
13564
3518
8355
13445
658
3949
3340
2376
8483
6536
5614
5444
10818
8709
71
4928
692
5343
7166
3981
13492
9689
1195
2628
4069
9902
6691
9725
5049
8771
13350
3968
11218
9305
8326
7808
11924
4079
4753
3332
10816
5449
12525
12869
2851
7286
2722
10803
2463
568
13629
6172
317
6780
11166
11928
10196
9205
1360
5027
3221
9358
9569
6971
13207
7642
2222
7725
1161
7264
775
1991
9376
8450
2793
10416
2339
2363
11975
10596
7711
9826
12919
7938
6934
6521
4494
9277
893
521
3248
10280
9423
7497
8958
8759
5582
6491
1308
13613
2383
5900
4399
6874
2464
2571
3713
83
4592
28
7044
11540
269
13216
7087
8433
3458
2833
4939
12854
9422
10134
7747
6960
6190
8998
8885
4741
9124
10067
3328
10475
4471
7231
10622
13570
4608
3609
7281
1071
2283
5567
8554
11041
3820
10039
10310
1875
964
4551
9640
6217
10589
8447
9754
2543
1583
44
4263
9198
1723
6316
5108
6992
13513
12271
9009
10040
3341
7130
9160
5289
4315
6263
12146
9650
798
9985
8607
8577
8665
7306
8642
7600
11343
9871
12731
10288
3557
1245
8591
4866
3614
8564
13975
12382
7786
1896
6437
8668
2924
13106
11460
11168
6451
10003
11724
9248
11185
9987
7227
4565
3160
6755
9154
156
4806
444
10111
7970
3918
2015
6724
8493
6962
12721
3261
9336
8217
9930
3858
212
1667
8219
10731
9176
11825
7436
7106
41
11990
11608
311
12476
13466
11519
8762
5682
14055
1008
5337
9054
974
3620
1518
8935
8140
8416
3512
9995
7782
4536
9395
3048
13065
2003
12941
11418
1028
2091
9449
3247
13989
7818
5167
6344
597
12422
6102
10116
2645
2165
13334
11182
60
10853
11656
830
4611
5168
5218
4206
7814
1520
8471
5445
7583
6472
2838
9991
12514
8913
7045
1068
2660
11180
11134
7064
6335
9786
219
10439
1599
8213
1101
1849
535
10422
13479
7131
11089
5436
6781
882
201
12596
8749
5141
8584
13183
2702
13190
5874
12886
5662
5048
13658
4304
4743
10842
7644
9452
5981
4508
1242
11009
9672
12506
12947
446
335
2096
6308
12621
10153
12585
2582
10352
5779
9649
4267
5446
14111
2622
13773
2261
2703
2586
13534
4376
11827
4821
9028
2495
12256
9039
1588
11667
12455
58
5499
3824
2951
5022
559
12375
13929
6204
7592
6170
5630
7954
9488
11946
2119
11874
13328
12409
10227
8216
118
13251
112
12460
5512
3629
10182
10020
9615
8579
10730
12450
7721
3430
954
458
4995
5438
241
9698
715
9900
3499
9382
12814
13155
13049
4827
4381
8322
1706
2301
2390
6428
9126
1983
7695
9898
10052
1866
4729
8859
7657
13004
10317
4662
9686
6931
8459
9934
756
8895
10224
5872
6071
1823
2189
6845
8054
11040
8285
13343
8727
11654
7504
8087
4019
8078
3675
6649
12306
7951
2345
10197
10918
10859
8679
2931
7015
6515
11416
3638
930
2740
10299
6606
11796
12438
8566
12312
10438
12481
11997
11984
2920
9480
8666
10712
7538
897
1603
6677
5417
3325
5042
7953
4612
542
12709
1179
10619
9225
13834
12396
12758
6479
2624
5820
10430
10831
4326
8547
2751
7815
4242
3485
12485
7173
13363
248
5282
4670
2782
6790
1552
11447
4735
9015
4740
9105
10835
3645
244
9719
10119
8718
9354
4680
1595
2282
203
4661
1940
4230
1276
4464
13960
3354
12894
8494
6655
6908
11677
4874
9076
6562
14065
10874
2191
5646
13817
1004
6534
7288
10764
2572
2631
5074
7187
12184
4872
11770
6979
1263
7177
3141
9391
6166
12943
11392
7617
2010
3257
8514
1709
5891
12269
3231
11212
9092
13351
10791
10982
4959
13650
2746
2674
2124
5718
1163
2706
8919
1638
5015
8203
5768
13411
5910
7852
6346
6027
9099
7610
1816
9444
10456
2728
649
2297
8791
5358
11439
7594
6767
603
8837
10773
4007
5846
3271
1274
10163
1237
747
1880
10720
3438
7435
11231
13759
12684
11616
13228
11869
11785
12228
14074
137
12220
5806
3728
66
12789
13023
12834
695
11929
4942
769
4175
6557
1818
11335
3369
1151
1992
9373
1262
5920
3099
9548
1495
13362
12433
9973
1834
8985
8188
9605
4914
14117
2960
9174
13892
11377
7308
1220
13191
1132
6235
3568
1007
11146
10143
2355
14079
9742
12885
1474
2266
12783
5965
1260
2876
8909
999
7598
11777
9043
3100
13522
13481
9302
12124
2748
1355
5641
12086
9095
13646
7100
8744
673
13385
4363
3652
2685
4247
9718
10863
12896
13250
11006
5424
7687
5848
5899
8372
9670
4485
5145
5164
9808
6517
14020
4052
1388
3977
6186
4578
5921
10451
6249
7380
3396
2811
4727
768
1079
12504
6050
4385
8498
4726
6773
2500
9887
7158
2320
8369
998
5114
237
6765
6448
1665
3212
13108
8850
4953
5803
12659
720
819
7012
3781
13244
606
14116
1454
115
9851
13883
9014
7522
13487
3497
3695
3129
353
1847
840
13286
5594
1440
939
9830
2393
462
7236
2337
8603
789
10215
11056
9885
2943
8920
6803
580
5724
3093
2145
10431
6968
10018
5918
12663
3530
714
3957
7502
7433
4477
11373
12176
963
10033
11742
2216
5629
12188
7058
13014
4443
9326
623
12443
10641
4676
10900
4558
4258
5622
5813
6014
8329
4795
5435
3885
7869
5950
1519
8736
11832
10707
10869
4379
2899
9490
7146
7039
13976
5301
10617
13378
1317
10925
3431
7065
539
2428
8965
13909
5008
5730
6081
10586
10717
8376
10060
5205
12078
11835
13840
7000
10424
12644
2989
9249
6583
13255
10585
4545
4568
9997
9552
13845
2246
13317
12638
11763
11053
2018
10725
14086
12174
5227
3355
12917
4252
7891
3615
3168
5299
12166
2661
2538
10587
2269
7707
456
9573
6698
10572
4779
9367
12383
6978
9389
12205
10112
8531
1099
10218
6319
6010
9531
7579
386
3408
11229
13654
10373
89
1505
10682
13247
1680
4697
4522
10609
1215
11355
3255
8389
11299
2187
10879
11445
6769
2400
973
8536
2692
9903
9110
13325
2434
2665
1188
13756
1593
779
12847
9981
11259
8932
9456
11530
4033
3383
9245
11885
10749
8777
11250
6749
2129
3816
11067
6298
1500
6176
2590
12313
10946
5256
6976
7880
9416
13655
7105
12977
7618
2490
7351
6110
11933
12642
9291
13771
1373
4358
2408
4689
3812
10022
13573
7608
5858
1724
4351
6094
10792
12636
9525
844
13625
3814
11513
4520
7049
8373
7162
9153
4992
1829
7773
12339
1662
8901
341
11916
2895
9604
3837
6569
3051
13225
962
12491
131
7341
13623
12998
5510
5827
12726
9137
11497
1999
10821
8689
13181
9197
7483
4138
6154
11956
6306
4369
5796
11516
4870
11428
10666
11700
1351
8255
10093
890
11380
5357
9919
10608
7361
6654
12542
5770
1032
6420
12292
8295
9549
11140
12563
4556
5556
12540
1270
6596
8829
11452
14045
11450
6338
7697
4178
192
13386
1065
6692
2275
10339
7947
10606
2805
946
4715
11757
518
12576
11673
3540
6628
12199
10684
7042
5170
11902
10760
13319
12224
11279
10257
10501
411
4597
7563
8508
13210
142
432
4417
14104
119
10080
6867
337
10287
3030
10192
84
4917
7854
1735
7540
12827
5352
4395
7180
8029
9850
10650
491
371
3074
12131
10260
12058
9472
5329
4211
4331
2481
4106
944
788
7036
12792
3805
9685
5316
13277
5413
8239
14026
344
1697
2506
11369
10486
11947
12718
257
5887
9715
9737
4731
1613
5580
12538
8487
5638
11585
6084
5968
8549
4684
448
9031
1489
11400
2544
3882
13008
12467
9904
7403
3822
5804
11506
236
12778
1687
12612
8038
4102
9219
12122
8161
10971
1976
8723
2559
12993
4549
4564
8902
121
8065
7237
7151
2108
1199
10876
912
13248
1336
5420
12329
10091
12142
14022
11294
7319
3145
10796
3033
4098
7849
11824
11323
6734
11092
3541
1490
8337
2151
12633
3171
6860
4389
12478
8834
10569
2423
6905
13242
8598
602
6389
6348
13081
13494
6693
863
6919
14100
6844
3853
11938
6761
7777
5496
9832
4518
107
8518
6629
1751
9564
11581
5213
10184
12566
8939
5192
9281
13657
9255
545
1059
5221
11911
12127
5627
10734
7787
13376
3348
4897
6695
451
10899
10933
3536
6339
9570
12580
6658
1996
7294
11884
389
6740
12024
13893
11992
13321
1026
7186
5884
1779
6702
8407
4835
13475
4671
1254
3148
9946
938
2276
5880
11276
2576
4459
9533
9163
13
4120
1054
2983
544
7080
2477
6455
1987
4372
7232
133
8260
1810
7665
3670
13131
8328
5951
1378
5453
12088
12113
10683
8286
13302
3184
7927
8258
14114
4826
10157
7086
334
8243
5597
2984
9807
5988
399
10180
5497
5236
1320
292
12173
4228
5272
2319
4613
11112
2911
8208
10904
11829
4254
6522
3743
898
5946
10292
4150
8971
8743
5650
4493
5658
1652
7069
11283
5385
8479
8170
376
10611
674
8193
8715
8453
4413
8841
6191
12214
651
5709
9507
8604
5415
3698
9364
12856
13889
2562
6122
4400
11241
11547
7018
9268
10106
9103
1365
9852
11048
12248
13952
9469
4059
10259
13069
9599
4205
11292
6441
9226
9559
4605
2744
53
8947
9085
6060
2382
7631
4937
6432
6581
3589
13147
8305
11017
5994
11371
9983
12427
4909
5144
4392
13337
8440
10402
9972
3971
6161
10152
13729
10129
13798
470
8009
10500
13746
11035
11403
1551
10674
4058
8072
4231
5482
2679
1649
2603
1347
3646
2977
5302
6443
11843
9051
289
13026
4234
11718
1591
7195
5194
1523
1123
3270
13699
9787
7239
759
1741
1600
8122
165
4352
11594
12299
2730
600
5776
9513
3864
9709
4708
11352
7772
8809
12092
1756
9484
4415
3176
10875
9233
11155
13837
11459
14019
7731
13673
7520
5178
12348
5939
11858
113
7596
1850
2149
13059
13254
1521
11854
11915
778
10371
7328
10560
11176
13670
3337
5062
397
12132
12353
3281
11963
9731
12439
9155
13672
5223
11346
8948
13796
10805
11375
4896
2770
13656
3515
10341
7353
8044
12912
13806
11647
10350
12449
9262
12685
7121
9755
12218
11939
9104
7259
10772
3878
1451
8406
12195
5364
12557
4384
502
4728
199
35
277
8283
7235
4529
13682
10888
4808
13992
5245
9771
9313
2705
6901
7040
3697
2385
4347
11153
12378
8244
13330
8922
3715
13865
2597
160
4159
7609
12221
931
948
8766
4111
13581
1729
4940
4328
13676
2392
64
9576
6354
9595
4334
498
11193
352
5129
6564
10954
6877
5997
5226
268
13062
9646
4690
11200
645
476
3427
8232
11852
9932
1692
2230
13749
3032
8725
1481
773
4070
10049
13272
10269
13346
9347
9036
6125
3945
7685
8803
967
8585
3926
5338
10125
4966
6898
6275
0
4382
4980
9337
8975
7737
7034
12469
11063
5183
3083
13774
6367
1205
4297
13241
11622
2648
6183
8801
3828
3170
11875
250
8248
896
970
12459
13003
3371
9041
2981
856
12841
624
6751
7547
2673
5037
13034
9293
3558
6878
10344
3250
3417
10781
5674
14068
9682
1674
3391
805
1446
5851
5853
8990
10251
12932
1629
13019
7934
13095
9264
13649
9801
9664
8273
6653
13283
11487
11221
8218
13005
8781
2116
2545
4274
12210
4434
3733
5807
3310
8346
4688
2874
10703
8165
8105
3268
7471
10978
3112
6459
7901
5293
3509
2952
7216
3426
6899
8507
11661
4021
13063
8857
13353
9767
9679
1675
3784
7201
6944
10418
13312
9273
512
5287
4642
13217
12870
9695
11475
10992
1713
529
2336
12740
3082
8335
6710
2580
1951
1287
5004
2848
12181
12445
4412
10506
4700
1080
11871
3547
5694
13153
950
4663
11175
11786
5976
132
13611
12518
8608
813
421
7406
215
10711
4020
1836
2347
7597
5159
3053
2617
13042
10323
9510
7537
5202
13067
1122
11818
5465
5237
12457
1820
4210
1501
9001
13924
13582
1503
825
13544
553
5288
2455
1479
12695
7686
10154
6499
1018
2992
4559
11630
12769
527
11627
11025
12852
13401
9965
2830
2436
3806
13239
13235
5696
1922
11860
6270
8969
9157
8599
4192
322
13770
13159
10349
13007
10922
3562
5489
8927
1321
9773
13477
3217
10550
10706
5257
9586
7091
4553
4435
5924
6470
11646
1542
2473
6627
7510
4857
3535
2945
8904
2724
7320
11408
2757
10284
10219
1020
9967
7533
891
6256
8912
5940
6812
11692
13693
1119
1460
7445
7672
9192
11412
467
13447
5421
7573
4648
5639
12418
1075
4488
8717
8861
6262
122
4333
11754
2458
5860
11722
4828
11961
9114
7317
4714
5833
7224
7878
9567
9818
4499
9420
4841
13177
10149
11560
4528
4652
1326
8856
6727
2452
6804
10133
12702
9747
941
13149
464
11962
459
1550
6224
6251
5180
3406
3410
9790
9714
3003
2882
4109
6114
3922
3745
6222
14072
4365
3938
4171
1682
1162
1074
6568
13767
5607
6805
2279
3300
6752
7812
4696
2450
6782
5182
4619
1174
3962
11135
11120
7789
13080
11479
12764
6926
10090
13922
6810
12720
2471
4983
14115
10932
19
12470
4752
11978
8530
9190
8256
1884
2431
9083
11575
7108
7535
209
2669
13640
6811
12795
218
13170
786
8970
12111
5500
1480
8401
1181
4764
992
1492
6879
4516
6631
3925
12974
4802
978
1349
4030
99
9908
11189
9663
8117
4972
8757
7833
1700
9122
12128
4749
1081
1053
1737
12794
9254
11235
4541
591
3952
2922
1431
9319
7138
6239
13399
7627
11517
7093
6541
991
11638
797
932
9613
10194
5993
8959
3819
8275
5153
12350
5470
10768
8943
12650
2435
346
4889
7894
10705
8997
2868
3802
4788
1316
360
9702
3639
2955
8088
13223
9804
8497
4668
11761
3566
1703
10981
9678
4371
3010
7645
3282
3786
7030
13602
5894
631
2547
11629
11600
6552
889
1085
561
3009
10019
7653
2999
11826
10612
11883
7347
6744
7900
468
151
9189
12590
10740
4504
10977
2743
8241
1589
12950
4071
6192
5984
11579
9912
906
1058
6321
3138
9674
5320
12881
8974
11498
12196
1145
6956
13662
9213
10616
3324
7345
2005
13410
10906
11725
8221
12230
13600
8229
1445
6408
1430
11944
6225
718
13919
12489
13234
13691
1568
3911
11030
4423
7284
13077
3068
7335
2135
8979
7022
3000
5189
8449
6390
12991
4368
10785
8058
1417
3679
6447
4574
1104
4813
4082
601
2112
4055
6531
9589
8631
9447
13220
724
12517
149
10999
12045
564
8964
8386
8130
7133
3315
1718
8698
8060
12772
8288
13448
4248
5003
3811
6409
13323
13237
4393
4073
5699
4824
1177
8949
988
8005
10957
7648
2196
11830
5795
8006
7819
9125
13836
9180
4571
2466
782
3588
2444
4849
4929
13720
9860
3965
365
5575
7635
11865
4356
3556
6999
5812
6964
7200
9723
11522
9699
13215
278
7283
4904
9779
7829
3549
5703
4223
434
1819
10458
9923
7836
2386
445
5051
11083
4814
2802
5392
6252
10541
10053
12678
10442
13535
1353
1651
12453
9803
12708
6675
8231
7459
3716
3761
11427
2759
2797
13324
6588
8714
2996
9443
10513
38
4669
9403
13516
270
11325
8931
5738
5824
10555
9139
9056
4378
1736
13565
12069
4428
12560
5454
5890
927
2651
8220
9459
1725
8889
4699
10114
6103
1264
9996
8873
10538
7067
1483
6593
9675
818
5232
6659
5930
3523
303
313
5493
5278
8341
3862
11574
8755
2529
13499
6201
4405
12701
1281
10463
13755
11342
11778
7723
8596
13438
4110
10613
5483
8052
1131
10074
1422
4396
5115
4278
9203
8656
2072
4716
1597
8853
1694
3953
12084
6696
2479
3714
5054
5972
2118
10973
5710
3077
4050
5185
13294
8525
7590
5305
11993
2200
14039
3307
1975
6307
6282
10268
10914
4930
13128
11744
5308
8618
3380
4468
13258
195
2242
1580
2859
10583
3022
3374
5691
7289
4075
7071
12194
8941
11803
8982
3356
2465
4116
13616
10518
10082
5666
11237
6043
12493
12064
13590
4768
10767
11817
2470
9642
6539
13300
6242
9704
13828
2101
4375
8168
10668
4107
9463
7402
8085
4793
6690
13345
2094
13420
8338
8916
5511
2132
12619
12861
9097
7505
2422
4775
8032
13678
12729
10025
2609
9868
9700
12888
9238
3954
579
9438
7183
1740
3681
4397
13204
1282
6126
10704
8237
6882
3489
6664
814
6605
2823
1512
10503
8552
10480
6972
607
3105
10297
2172
5171
12420
9275
12416
11752
1656
1037
10651
2694
2578
7161
8674
780
11971
13551
7191
1015
924
11578
9653
6826
10658
13953
638
3477
3122
8517
5047
4197
2942
12651
13511
1036
7529
4675
11811
12944
11565
3314
10584
8612
4364
7896
1340
6988
13920
2588
7704
13794
10309
1466
8185
5642
10092
13894
701
3446
13575
2773
11557
11243
10237
10786
4790
8240
3770
10655
2654
10838
7415
5602
12095
12417
13645
799
11543
13473
8562
9282
4216
10733
7249
984
1686
3793
4329
2346
8306
7580
5834
4543
6377
12175
4577
13990
6077
9883
8828
6431
10690
13685
8570
13450
2244
3546
10688
11675
452
7525
618
13605
13084
9445
10561
3020
5034
7551
2415
4853
13331
12413
7512
1191
2167
1139
10512
8500
6453
10205
10085
3648
362
9102
206
10664
343
8252
8064
1089
9346
12300
13006
326
12360
6846
1429
5778
2496
12079
12289
13971
13899
13866
3071
332
11587
370
6880
6571
1544
3189
7464
9165
1248
2226
4219
12907
5411
8567
7955
2935
4913
2083
10571
7326
678
8630
11372
2688
2712
13352
892
13379
7942
3462
12846
5711
10469
10137
5506
12222
4341
11846
10536
2523
417
8473
3301
11966
5292
5764
11223
1721
4239
10758
8013
5559
9377
475
6813
12755
11572
1654
949
2170
4348
5259
13291
8860
9350
12706
1328
11619
10448
8007
9259
3302
11717
10551
11621
1170
7785
5513
12073
5361
13099
1808
4257
6739
8697
1476
10366
9749
3277
10988
13236
9272
6995
11662
10947
6509
12130
13718
12734
3469
12592
2929
3939
4984
5836
7006
4220
4427
11354
7041
2687
6124
5315
6427
5187
4704
2755
2256
7
6942
12562
10593
4888
1973
13165
3448
6241
10523
13808
4338
9964
3688
815
4693
13082
755
8726
10075
9429
526
2475
7935
12404
3400
9366
9975
8795
9534
5983
4638
197
4144
11238
9637
7828
560
8096
9020
13125
12579
6520
7943
7559
736
4474
11636
1671
1620
5234
2753
7641
13580
1146
111
4225
2258
532
846
9529
3736
11124
1669
10262
263
9404
12759
11981
6184
11769
11210
7932
5197
13788
1785
4946
6261
4312
13601
11977
12531
3521
10384
13727
764
5419
5906
9418
5955
3402
8780
8194
393
4452
13698
5306
2913
11934
9867
12257
1212
4184
9355
9483
3603
5341
11872
2425
10028
12913
9038
3376
11580
3859
9156
9220
1639
7524
4547
7363
10337
12500
6324
7696
10312
8527
5274
1439
9621
6791
12692
4766
3493
12825
7025
13400
11536
11584
4114
5058
9304
2985
12056
5137
7495
7152
9506
12377
1277
11486
6406
609
10347
12892
6817
9611
3841
8818
3691
11926
2286
9989
664
5564
12136
8485
648
2577
6115
10470
10599
11684
8844
2404
10286
1563
13733
1091
3768
382
8094
4498
1507
6609
93
2548
10494
1110
3056
2109
4786
9941
5593
8458
5224
9966
3405
11896
481
10485
1381
12779
13073
1660
4778
13229
4968
4839
4038
2781
10687
3228
5098
7698
10131
12545
1555
8763
7620
9394
7498
9627
959
4702
286
10413
63
2825
5785
8127
12787
11842
6117
3766
5518
1531
13355
2512
4955
966
9772
2280
13818
12063
12987
12401
9424
11195
9520
12162
2513
9583
13166
13822
5124
264
9814
7572
4622
13584
12771
9409
11037
8870
8560
1477
2953
8482
9545
11894
5463
11607
6004
9791
1590
13886
3662
13232
8540
13765
3117
10460
2130
8746
8128
1966
10493
8840
2453
4829
5057
4733
1261
12996
12872
12017
7507
3915
1323
842
13104
11644
12461
9652
8011
11466
4867
75
6530
5772
10454
6375
8981
7775
4582
4771
2593
11728
8545
1837
10387
13515
2403
12093
1948
11344
12480
3329
7276
4045
10242
5487
4419
11119
8152
7860
6481
1275
4958
13647
13549
10628
10645
7432
10176
4949
4840
2169
8995
1470
10568
1348
6162
6936
728
350
5254
5118
11181
7257
10368
9827
13033
5147
10789
3807
12781
7063
3779
5222
11469
7739
11651
2008
2219
994
6883
9363
2921
449
9080
4895
8470
4900
2771
10320
11443
13480
9349
2840
12873
11290
2938
85
10761
1909
3127
9584
2647
10542
2322
1114
3137
3612
11787
6393
2186
5403
13812
9861
13053
4187
11925
6430
8929
82
5201
4876
3758
1096
4511
5398
7103
12274
1574
10966
11044
9824
11415
10021
10499
3800
108
4264
12826
13257
10964
7056
13201
7339
9406
11260
3435
6779
10755
3089
13925
8109
585
5348
13589
4456
13545
659
13154
12303
4903
5913
13714
6259
13609
6378
6042
11983
13421
11353
7175
6954
2683
12924
10748
7189
3508
11620
12507
8799
2142
2334
5402
43
6566
1106
13423
11359
5936
2819
9348
1604
4774
4461
4024
11564
173
3947
6598
9763
11281
13287
12096
10822
2349
4108
9774
3220
12817
10325
8992
696
12105
13692
13753
10880
4357
3835
9356
46
138
6777
1672
11909
13404
647
2508
615
9002
936
4169
11198
10013
7370
8752
8555
13668
5783
1835
995
11998
52
4658
4015
5244
8797
7271
1530
4999
7519
12442
2438
155
8021
488
9026
12429
9661
11809
10926
2714
8426
3492
8367
6614
4742
8590
9712
9253
10813
9408
4530
493
1813
11170
13275
6929
6361
5434
2290
4604
1423
12735
4262
5731
2173
12689
5620
9121
11862
5822
6622
4323
9922
13881
9608
845
5640
3833
13821
8510
5648
2808
13888
4244
12033
8663
9129
12627
8352
3823
2815
10122
1695
7256
10135
6840
1039
12820
12499
4472
2752
4563
455
9003
1821
36
4709
1763
11705
11714
11129
6146
8012
7781
9940
3352
293
272
4124
7884
4884
4521
7027
4606
3305
13965
8884
2388
1364
8930
12223
5826
4054
4467
443
13576
5078
2399
13880
4160
7234
10833
9267
7742
3040
2550
4643
6957
8696
11021
5090
9634
2542
7578
9594
1218
1828
2245
9629
8506
13297
14051
11788
5255
10680
8303
8000
323
9206
429
11467
2107
3125
11332
9761
1814
3534
6589
10380
10440
2360
2594
9383
2517
13870
3844
5200
4979
12139
13017
7765
12569
979
5885
8451
11107
4836
9866
13816
12091
8724
7303
8477
9375
1148
1050
9942
12528
9271
6396
7851
2826
9782
12800
13933
6948
10967
5683
9732
582
6528
1702
5777
6861
13037
226
5585
6429
7414
7210
4462
7663
9411
4525
12376
7057
4084
401
8145
13799
5720
10061
471
13266
2784
2891
9600
5263
6834
2890
11617
7724
7624
5693
6969
13199
13802
6613
3689
1178
2657
5019
3643
7761
4567
3357
7718
2731
5601
5340
2789
10738
5681
2795
6398
10232
9167
9221
6953
3384
6245
10751
1558
26
9816
8524
6730
10394
10834
11716
12388
13561
11414
1878
10379
6486
10897
13206
11496
10861
11304
5558
7640
9010
3886
3767
7821
13211
5616
8271
11903
4615
9845
4650
9343
9057
3618
10034
9397
8926
7336
5705
2004
3388
3111
9241
1093
3903
8558
8357
10774
8446
11772
1928
8523
4943
1356
5839
9516
7969
12454
1155
9453
12293
12394
6998
3399
164
7877
611
7061
3464
8798
7242
260
13540
14054
2801
940
10747
639
7683
2961
10675
12479
1332
11431
6445
7972
4113
13705
5154
12029
5225
3636
793
9307
2140
5176
1090
2762
9415
1450
7004
584
5759
551
3710
4048
6825
668
7568
2396
2457
1130
554
3584
2630
10909
10986
7534
12898
6835
2483
7977
13000
12583
13964
7968
10000
9365
10881
10862
2084
5893
10779
1206
2338
3178
3901
12744
5508
4991
540
9917
1965
11789
4373
10937
12591
8325
1392
10270
11887
13030
13617
3333
6228
3555
2676
12793
5996
1559
1540
5901
431
3223
12163
7111
6371
11840
5751
11014
7084
13548
9115
4614
12182
11492
5370
12043
721
12473
3273
2598
6111
8938
6078
1169
3108
1484
12151
2394
3019
5554
11266
6310
3118
9474
3441
11122
7509
12365
11668
10255
12552
2527
10437
3613
537
4057
8805
8788
5687
9396
6911
6141
11026
12165
11791
4660
13314
13309
2856
855
13057
11881
9274
864
3597
4199
6544
2342
8877
7758
4287
12012
6399
11626
1586
7164
13707
3830
5250
738
6462
8146
9924
6179
8319
4794
12640
150
11420
13496
9831
12649
11658
4548
2350
11027
11633
7208
13002
1219
6104
4789
8862
6442
1707
8469
11713
1701
7584
11783
8807
2711
881
515
4922
5251
321
8321
1872
628
12308
11747
10917
10277
3989
2181
10924
1072
9059
2570
1006
6314
6640
474
8711
5405
9135
9450
7643
5757
3974
4156
12330
5867
4246
5149
5769
12635
2215
5284
4081
6545
267
9433
2719
11599
1088
2629
12006
2156
3545
12486
5967
10714
5842
13861
6372
13690
3306
10253
3504
10736
3358
5727
10293
11148
13569
7847
9687
6943
7365
8238
11861
11262
2991
13117
2569
9693
9518
4921
5561
5781
7748
5031
4626
2760
2697
11020
10411
3043
7574
5600
7570
5797
3278
12976
9937
3569
13222
5587
9935
5199
7621
4816
8377
11081
11969
2461
12641
6618
12999
4851
8701
7757
7576
4307
13789
7929
6206
2492
10247
1914
3224
13478
8174
6498
5466
1196
7746
12157
9004
10283
9979
11274
12219
13536
3152
13862
3577
9188
2332
520
6048
2884
13087
13055
6657
5276
4406
2880
12119
5843
13550
920
1136
9953
4279
3079
8245
139
2120
13135
3387
536
12474
11927
4035
11596
9
6616
3085
3008
8492
9187
11775
6991
10193
3496
9118
2551
13001
8205
2965
4213
7466
8028
3719
12296
12262
10850
5039
8678
4880
12687
3166
2325
1517
3002
9405
4237
7114
12681
5868
65
1302
1971
5270
5209
866
9439
1458
6680
6407
8704
1016
12788
8832
9081
13891
5013
6229
13031
9951
9390
6234
1809
2102
12546
6360
4202
10102
4135
2788
11555
8684
1833
11698
496
641
10318
3923
10657
10138
3455
10846
11880
1869
6303
12955
514
13388
2298
7905
5760
9328
1947
8292
1441
766
10016
11707
1278
11177
1964
9582
13280
12813
3975
9380
6753
7530
11942
8623
8142
11232
5516
13803
13231
13555
10509
9055
12859
6656
6980
9633
8062
2218
3726
9251
12189
3143
11022
5203
4517
11099
3964
8775
913
8274
3298
10321
5873
576
3866
2976
5534
3482
12278
9064
13577
6213
11179
12812
2944
1118
11338
10912
1684
13660
6574
13608
7637
9870
3845
511
8099
6174
14028
2982
11471
8568
5892
3868
6808
4256
1126
8400
9492
4885
2077
6097
12623
9074
11690
13711
2270
7074
12392
2917
9073
2531
5303
1642
13079
5401
7893
5373
9928
6210
1105
5044
5353
2326
2699
12616
6305
13120
10729
13810
11036
9460
1749
1693
13336
10401
1095
6685
12776
9669
302
13665
69
10956
9970
933
11141
3035
329
5978
8824
2139
7936
5943
12250
8999
1343
2883
12712
6518
6023
3762
4008
7944
8378
3986
406
7910
4153
3738
1897
10836
7420
13730
633
349
3818
6742
6822
243
4705
10233
7564
7141
12511
7448
5188
10656
8456
3495
1699
8189
3488
5469
1893
3263
9230
8657
6997
6468
13091
5680
8175
10403
6267
12508
13261
12484
3334
2482
8954
5229
9602
3363
7386
3258
4324
1325
11879
1868
6006
7684
8370
8778
7113
6374
6090
7047
4807
5816
225
13741
5686
7291
1711
908
9227
6913
10419
9775
6000
6665
11955
8802
13304
4430
1186
11422
1488
5989
8765
7124
9223
925
5198
13424
5800
12120
12732
12369
703
11093
3755
12276
5522
5313
9939
5947
6130
5829
8110
13950
3006
3907
12423
13076
6973
12415
2941
2398
5501
9109
7021
13490
5009
5480
12797
189
12884
11812
9665
776
1967
2159
11740
10923
1817
8093
10274
3498
358
4441
3983
8134
2602
4803
12407
12603
6069
12482
2488
10374
13491
13879
2395
5173
5789
12882
3190
11472
5937
5179
3095
730
13719
12324
5987
4500
6831
11552
13187
677
13282
761
3463
1038
8779
12310
3343
9706
387
5802
3940
11309
8594
9541
6460
570
10108
605
9945
2596
11370
13461
9877
6839
13578
126
12818
9893
320
6633
6484
10607
9554
3159
4280
5888
10434
10319
6847
11844
7918
12920
3131
2285
7212
10893
9655
14
3608
9068
823
806
6505
2502
3987
4394
14050
7299
7246
7487
8532
6699
2497
12773
6425
6449
5847
10735
12152
13981
13384
10652
14033
8847
11623
4784
2099
5552
3883
2620
11710
12738
8211
3759
1000
6667
11699
13722
12399
8148
8845
11539
104
3625
3601
4683
176
2281
6384
5869
12845
8944
12089
2818
3092
404
3067
5073
2909
8740
6852
6651
1541
7958
10414
3428
12555
2641
2264
2980
4665
12325
9976
3442
10766
13056
10877
12844
10699
3235
12836
8905
8348
9147
3701
8399
11665
232
1107
4760
8881
2449
13954
5326
6732
2747
10516
5123
10744
3135
6577
6211
4710
10590
10433
11317
6299
3863
6933
3797
4090
12022
1437
8098
8899
8619
12143
10780
4011
1456
13194
4002
8515
11804
12925
1144
9250
843
760
1350
13567
13874
3468
13669
8066
9503
13274
4180
10376
6271
9837
8937
6434
5085
8906
13203
7149
11974
3180
10739
5702
4831
10482
12328
12497
6001
13389
11776
5086
8048
11091
8102
5345
4818
10462
3465
7411
13089
3842
11484
308
6502
6276
7706
734
11877
8163
9671
6853
5383
5471
5307
2257
8123
5787
4765
13615
3338
10741
12294
8429
5020
5774
12749
8535
216
6994
4861
3026
637
9016
3729
5344
9258
8270
7658
12568
2373
6966
9270
4677
5242
5433
9968
3804
1759
8626
3215
356
5956
12284
10296
3827
1061
3422
3088
11948
3879
2556
200
1216
1539
11478
12468
8669
8202
8212
14073
6801
10427
11273
7059
2080
7903
2511
10615
2775
372
816
13094
4694
6203
13637
604
6961
10685
4200
13295
7424
3772
10621
11967
12458
4963
5399
12241
3687
1014
7098
12611
12090
12183
8826
12862
9263
699
2088
13349
3694
7612
8336
10398
7842
4570
4349
13966
13757
5285
13484
9610
4003
3924
3478
6412
3692
2195
2207
13618
10723
6747
1754
5863
3353
10148
11669
7705
8875
8360
7702
8461
12727
6248
9234
284
4965
13815
7652
13635
2204
12915
11378
572
345
12754
11233
10417
7165
6560
2251
7267
5603
9842
8086
13957
3960
12690
3910
2520
11973
5330
11396
3985
2742
13358
7841
2779
6017
4142
5018
5181
1567
7619
12874
6686
1969
5269
10142
3024
13130
2476
2741
1623
9017
6419
12672
7971
11558
8235
11029
10534
11577
8705
408
10647
12716
5267
11597
4484
546
10567
5491
8030
11379
8774
11502
80
2125
410
6139
4974
8409
5217
6196
13846
7732
5685
11583
7473
8639
12368
11059
10692
10240
8068
12876
4040
3877
5503
13973
10993
6915
1057
13192
2869
8155
4025
4311
9128
8910
1386
1714
3722
9888
7917
6661
11463
8738
1573
10665
13133
11681
3686
8405
10968
3256
8049
9933
11991
4286
5275
6841
7741
7389
4077
853
8692
1903
12805
6673
6881
11546
7217
10721
217
1611
12364
6477
47
14113
12831
7243
1419
8563
10335
5043
4161
12272
8898
10969
4842
5758
6870
3893
8587
8199
7560
146
8129
4923
4533
4076
9089
11366
7450
10027
9891
9179
9024
804
11730
5059
3262
4322
1143
9398
13338
3860
12018
4777
10058
12338
8823
9688
2374
211
4491
1382
670
12495
8171
13354
7344
3590
1534
11103
11563
2304
7219
7110
11438
10832
8019
8632
12067
2986
8978
116
10894
11598
12570
9509
13520
9918
10883
6993
7489
13648
11624
10525
9603
12675
11541
4905
1529
378
9614
4996
6668
419
4101
11066
7112
587
8576
8382
11582
13238
8053
10976
3025
4858
9654
9911
5378
6592
10554
10663
306
9360
6795
3139
3801
8747
6024
8414
4924
9984
655
9716
13012
10997
1585
4214
1086
3473
4146
13289
612
5856
11144
6570
4610
8879
3098
1890
2161
12803
5220
12694
10632
8831
12160
4337
1871
3169
7033
5581
9388
3751
11511
2735
13853
11293
11453
13951
4147
12398
7101
9005
10573
6011
719
3538
414
10432
7472
3317
8611
11230
8617
3453
1974
4971
10095
9692
10363
12437
7667
7488
13444
12819
900
9012
7422
8411
2820
13196
10300
4281
12085
10343
8685
5748
11959
11663
8454
8770
3412
7393
4172
11664
2791
10428
2658
9448
3548
9596
2958
12804
2564
8067
11174
8786
5327
13218
13259
11065
5273
11784
283
595
5780
8215
4941
1286
4207
3436
5723
3735
13245
12631
1527
13435
8206
7670
12992
7602
5555
1153
4186
4901
3817
1797
636
10920
13168
10211
12082
13414
556
13710
4072
13708
4437
8246
13136
12565
2092
12185
3995
10623
7548
5521
13603
5087
10635
2896
6471
3418
11084
5866
3389
492
10412
3034
6025
7081
2287
10183
4962
5766
5799
154
7771
5076
2663
8081
7738
300
2414
9992
13521
11693
13807
2732
1630
1655
7591
6424
8299
13021
3191
13978
5122
2855
3904
4817
465
8683
8069
6039
5248
8891
5325
6717
12001
12000
9909
1198
7726
2832
10094
2892
163
6187
4097
4457
4318
8572
483
8257
9392
5982
8293
247
2963
235
7874
657
9875
6426
2861
2085
6008
5583
13372
3593
7973
12625
5195
7051
9013
5786
11918
8490
1120
10223
12031
3791
2857
10545
3596
7677
1900
9805
689
7882
2727
10086
8385
12046
5613
2437
10769
1102
13700
6789
13144
7752
3005
7506
12352
3303
12581
11302
9494
6465
12041
3487
7960
2330
2638
6797
6794
10187
2682
1087
13871
8934
9701
5094
5808
9990
7104
5359
3001
5849
9387
331
447
14023
5468
5268
1055
4268
6533
2554
8397
9542
4820
4581
3218
3846
1029
6272
5467
7749
10220
10345
1576
2873
7020
6733
9362
7585
7046
4133
4013
262
6959
8768
3172
2792
7976
953
450
6075
10342
10955
1329
8186
2069
4868
3890
860
12535
679
9728
8475
12035
8263
1496
134
10127
440
8331
479
13070
9442
12023
7754
7223
3121
6594
1224
11301
851
1626
2956
6278
8033
6610
7940
13048
245
8063
11421
6634
666
8350
1025
4044
8289
9132
3591
11488
2213
4707
11847
11313
5101
5563
1067
453
7159
8827
2158
2966
8300
1225
7543
9473
7377
10544
960
8158
1640
4261
6952
10294
5902
11958
3090
3979
8651
9581
7371
10887
6597
1805
8544
2115
12837
11957
6283
547
3582
4132
4878
11318
3456
6076
12606
10960
1579
11819
1443
7858
2881
5350
12316
6036
2111
12062
1846
8907
7601
4938
3905
12013
5773
7712
9079
8371
11307
12730
4912
4620
5609
7950
6369
3574
10549
11653
9677
10466
252
2809
2652
802
5404
3792
9644
9568
12857
7214
4424
869
4915
9461
5157
8359
3153
2568
2778
3069
8955
12177
10056
10868
74
10279
5897
10929
5029
12446
13143
2738
8886
309
10264
10526
7701
11215
12410
407
4155
5870
6524
5915
5295
13333
3216
4644
12832
6830
330
2409
2188
1482
9159
12261
6504
10775
8751
8151
7451
14031
17
7997
12554
10530
4509
6156
4865
5713
10047
2841
11559
3959
9769
12
2718
12567
11503
388
6785
8484
5428
6109
1425
6279
9863
6580
1253
11118
13463
9298
13721
10291
10360
10365
9278
9906
1494
4537
6193
516
11224
5166
6145
1812
3990
12213
6576
11533
4481
10921
2387
942
3559
3147
439
1879
4087
7410
2361
8077
8200
975
177
2039
5165
8512
5311
4442
6850
11145
6579
12483
3120
6967
12940
3115
7630
5472
9150
10898
7991
11201
7755
3581
1681
7983
7614
12828
13460
11330
4976
1444
9523
10991
4182
2384
6643
9978
12513
13949
6051
187
2206
9795
4767
3214
4583
12774
11361
12763
6148
12582
6290
1108
11816
4448
2774
12613
5371
13687
5514
10872
8272
12618
4647
2134
9047
6200
3717
1138
5645
4763
6670
4616
8277
916
6466
6268
5423
12391
12193
8713
2354
10115
1625
13820
2236
3049
13587
7996
7364
4572
2019
13508
1772
2013
9161
1930
3084
10304
13901
13716
1832
12192
6923
6277
3200
9944
4630
12302
4639
9959
3668
12782
13422
1958
8095
13434
8658
14000
7656
3899
12061
1801
12238
4631
12428
10823
7616
11702
12103
9620
2915
14095
11480
9963
1635
5656
10985
1957
1826
2021
1895
1415
9182
6711
2489
13931
9194
10507
1394
12340
11780
6061
2037
2424
9588
13374
9834
10104
7680
1899
4068
11678
9962
2067
14038
2618
9435
1775
1357
4316
1780
2026
3081
9913
14027
10824
12722
4313
8039
11507
1840
2227
13568
2045
6924
1405
6328
9822
7427
1911
2625
12055
1309
8268
1864
6333
13779
11050
8264
6323
9798
12304
3323
11549
1912
744
7357
7428
11389
14010
8267
1803
13997
2446
12807
12426
9626
13885
5531
12134
14003
5206
2052
9208
2632
6131
2000
6108
11464
1569
1894
8314
3420
13652
1644
1769
13429
746
9331
13198
6062
13785
2147
13900
1936
12766
8671
1393
13530
11147
1410
1774
8661
13528
7383
13999
7914
2635
9329
2412
2407
10809
1984
3602
10002
10763
12366
4640
9351
1375
2031
2070
13750
12963
13381
11701
9211
12341
4633
1790
2030
1346
1972
14078
3210
11062
1770
1933
10840
6325
2033
1312
8074
2046
10243
10012
2038
3198
10502
10828
11074
3101
3610
5740
1391
13878
6683
2277
14007
4637
7514
12809
6322
1397
11077
12344
8144
13717
12654
7348
1571
13114
10173
9468
13996
9811
9295
13661
11499
11509
1861
7779
6336
11795
2637
13102
6632
4067
12515
10449
5539
5545
1784
9622
11127
13932
10169
5026
4830
14056
1783
8956
9844
9195
13380
12921
10203
9783
2047
14106
13396
6257
2053
8291
13175
11683
13969
10004
8261
11205
7168
13110
1409
14070
7793
4625
10407
14043
7797
6382
12629
2012
13290
1742
14005
10865
5538
9578
2239
13728
6712
12523
2906
10175
501
1306
13994
8667
11002
10171
12164
10826
12610
3144
4762
6758
9497
9817
6334
1400
12153
7804
1408
9499
2420
12343
5536
13529
11123
2454
2133
1413
4273
9330
4629
13772
2228
8269
507
13178
14063
2011
13725
13781
6332
2232
6120
12322
2017
10301
12558
14014
9170
13369
2317
9133
13532
7798
10045
3204
7350
10202
12926
5537
11073
8262
1886
10168
12337
5535
7801
7719
10244
1885
2065
10408
11208
2208
11314
2429
4550
2054
9746
7478
8878
7378
10864
11055
5464
10161
7381
7418
1411
3810
14057
7681
10409
2027
1915
5798
12811
11510
8467
4951
3208
12492
9776
11535
3021
6435
11068
2034
13583
1935
9950
4317
9956
6063
1792
7993
12895
10827
1877
12961
11311
11712
10009
1910
10164
12335
9960
12430
13299
10540
2898
9756
12447
8027
13782
13983
9794
7481
1870
1891
5931
12971
2430
9214
2553
2278
5717
11980
3202
9414
12965
5526
9819
12810
11749
13977
4627
9743
11794
1767
7949
14094
14011
1773
9436
11049
6388
9788
11167
7429
5653
12717
13332
9300
7374
14081
9681
8223
9753
1883
2028
3889
1789
12477
11703
9657
13519
13626
12760
13956
6918
7491
13805
13118
13948
8316
13208
12806
6037
9216
11075
7646
4636
14047
7515
8265
8410
7359
9215
9269
8670
8107
12133
8026
2024
10174
8361
1979
7385
2087
9949
3193
13249
9177
13112
3192
7265
14041
8993
1377
5739
7995
1931
7333
1226
12628
10660
11265
1856
2076
6600
10653
6514
11114
14006
10896
7266
9178
4319
3206
4695
2804
10858
7717
2044
12140
2893
6896
14037
8442
5626
10166
1799
3898
3669
7557
10478
8312
1294
7443
1374
4585
11163
13036
1995
12682
5528
2042
12966
11429
5850
14016
7005
10281
1802
6854
2235
2901
14015
12004
10044
2442
8428
2484
12967
2043
8597
9209
1929
3124
2233
1851
3896
10851
13188
2016
3013
9210
10165
2060
13783
2900
12918
13778
2048
13993
1968
13092
5036
1925
1796
3203
2639
1901
1943
9333
1876
14035
9212
10064
1844
1788
8681
13531
13937
2071
1857
9093
11404
1404
9623
13395
5655
13202
2059
2066
13915
12037
12244
1398
11917
12400
6501
1962
10642
5852
1907
12723
2903
7682
5025
5450
1905
7455
2009
13644
10011
14018
1913
2063
12968
1920
3018
11451
6327
7511
12972
1853
8266
11532
13273
1892
13897
13113
2049
9204
11773
5258
12059
8509
5387
3201
7795
2058
13995
9744
10162
13972
8083
11682
2056
1414
2480
12648
741
14025
2231
2633
3028
13116
5540
4952
4634
4314
5204
6330
11213
8076
5527
13787
14036
9069
2075
2627
2050
12112
6602
5544
1889
6387
13777
2051
6715
14024
8045
9955
9927
2194
1888
9169
1782
6337
6678
9498
6383
5969
14002
10644
7790
11494
1776
10807
9954
10406
6713
7225
13612
13939
14101
7796
9696
2023
7169
11417
7513
10903
5072
4641
11328
9961
3052
6105
12008
12969
3897
10007
8313
5525
4065
9958
5652
7382
13510
2061
6329
12154
9562
6065
9508
1939
7800
8600
14088
3076
1368
11072
13850
3186
11676
12962
10392
7334
10006
1389
1765
6922
9500
1924
6709
10282
3167
2068
6601
7710
7425
11162
7678
5743
9624
2179
2623
8625
14017
14004
13963
1998
9332
11236
1978
1403
9466
5452
2055
5543
7384
10950
8363
12653
1407
2441
5542
9721
2486
1918
4299
14098
2035
1330
3173
13852
3888
1339
13574
10788
9658
1916
10107
1009
12970
6555
5654
11076
4300
2634
14118
1766
2485
12137
2006
10972
1881
14058
13751
12964
1982
13341
7401
7379
14062
10302
8588
7783
2636
12367
3537
6326
7774
13918
11069
1399
5530
8664
12260
742
10005
8688
13784
13305
1572
14096
8075
8035
1385
1396
12959
7307
10895
2057
13126
13526
12326
11831
2335
7803
9952
3197
9053
6244
7799
1986
12724
2041
10204
7477
743
4569
8309
12899
6816
1798
10234
2014
7392
6925
3038
4651
9659
9833
10167
7567
14001
5541
506
2491
9172
10737
13902
12395
7479
9218
14071
8699
12361
13998
10620
1845
7434
2426
10389
12923
9656
7844
11190
12009
8106
6819
503
4566
13935
10245
5023
2197
2032
2413
2020
10364
10160
11316
4674
9202
13914
10391
2460
10825
1950
3211
2800
12342
14048
6818
10170
6553
1406
10195
12243
1988
10576
1745
1873
10156
12835
13015
13938
10453
11125
11126
9334
2175
13044
1963
10420
14042
7516
10010
6807
13342
13928
1956
2025
6026
12960
1402
5529
7588
3209
6053
11945
9802
4986
5716
1395
10627
13987
14013
2022
7716
8835
3611
9820
7751
9217
7571
12520
4185
13209
11057
9799
3229
7714
13298
6714
11143
7250
5492
