12012
2288
12816
2359
10263
10283
5188
6631
8059
7293
8119
5669
9028
8452
10058
3870
5443
6012
1077
213
3609
9492
275
9004
1029
13544
4649
7963
11601
624
13668
8200
10881
9668
6729
3744
11679
5142
8388
9629
3543
6242
4688
0
1637
9130
675
12060
13657
10786
11297
1797
8795
3538
5185
153
4143
9411
10959
5014
4351
9918
2310
4408
3902
1184
13691
11770
3389
777
1887
5190
5940
7526
13247
13752
9813
11518
5828
3230
2672
12214
8462
4231
3868
8255
11819
6181
13504
9529
12916
4959
8985
12175
8047
11615
3978
12928
9221
10286
13256
1590
9163
3484
10467
753
7156
908
3375
4726
3912
5178
6892
3941
1827
4899
6763
10677
2314
1831
3247
12228
3270
7749
12716
2830
7912
11880
8613
6835
11177
11340
11759
6433
1562
5862
3223
6464
11588
7253
7232
5677
11838
2727
4303
9290
4722
10372
13746
4501
11848
2492
12753
9437
7757
272
10279
9839
13468
10613
12908
9037
2508
5780
5300
1491
11178
534
6324
457
7301
5248
2904
2362
13415
9528
8431
12635
1313
11870
9380
1028
6193
5604
10404
3374
10981
450
3425
2416
11801
12803
11606
6340
8812
6177
12159
4740
5357
7040
2311
3004
4329
10905
3802
8216
5456
2173
1004
7008
7254
4039
5322
13819
7527
3765
1588
12163
2275
7342
1142
6029
4257
7211
11187
14040
6122
1110
10882
11738
3531
2962
12191
4232
132
750
1197
12775
7983
9711
6810
5840
6020
706
966
6035
12365
1693
4417
6946
1427
10987
1141
7050
6881
5474
13651
3364
6198
7119
10848
10332
2457
9790
6291
11051
8537
600
13390
6416
9190
2884
10639
4038
1045
13328
6529
522
1496
9271
5676
556
6809
6460
10652
13469
4650
703
11288
8716
2178
1468
6793
13243
13386
8125
9579
423
7358
2822
7576
12533
3751
11522
2380
4555
12650
1122
12692
2780
7438
12707
8827
5205
9979
6115
10960
11716
13596
95
1388
2954
10021
4291
10575
5508
12536
12307
337
12321
6185
11235
4984
3111
12200
9795
12847
4532
2415
13967
6022
12349
1508
565
3857
8554
3162
11107
3933
9903
3379
9266
11137
12708
12664
6450
8061
3410
11572
3408
421
223
12709
4004
290
6202
248
515
9732
13231
12948
4318
4548
445
4945
1724
4475
11456
5095
11233
6876
4048
10313
10324
2527
13708
10072
2556
1018
11148
10689
1363
8067
2084
9551
1361
10205
10968
2069
11453
8701
11828
10680
7979
5886
6724
1490
12797
1683
4638
3879
13385
5594
4918
7634
10515
10980
3097
13880
9754
12981
1132
13094
3996
4840
6691
11610
9789
12383
9453
6111
6735
8566
9998
6656
10318
3832
373
9785
2757
1221
8320
3935
3794
11199
9816
14114
11548
11839
10699
11009
3031
9070
8989
7332
42
12042
7720
13360
2943
885
9357
4554
8560
11398
9779
5001
208
8159
2462
9228
1163
7371
7044
5641
1739
4124
10996
6739
6145
5837
11408
13364
10957
4160
3704
12484
6530
8022
5201
5399
11157
5745
12855
7826
6217
7360
2957
2928
10785
10151
10855
12347
6585
4906
3419
10912
511
3983
3626
9292
4333
9396
3155
10310
6109
12917
12748
2142
13965
4614
1660
476
2704
6779
4823
11219
13699
12151
3734
1422
1291
11550
13984
6888
6963
8446
6385
792
3002
5124
4917
12997
10595
4336
9510
7952
7860
519
2559
222
3526
11008
4188
3369
12269
9359
409
13409
578
10776
13827
1737
5781
8702
3944
11094
4709
2466
10246
10914
13733
1120
6856
6744
8503
526
4949
13365
5392
2864
12168
642
7671
6049
8831
9921
11414
4610
8168
10435
11291
5966
11846
5569
9973
837
13120
7736
6524
1232
9503
13428
13266
3016
2802
5505
9433
4204
1178
7024
11176
5203
10495
11249
954
8116
12219
2935
4615
11227
14091
3575
12403
11937
4579
1044
11798
5166
8574
126
3411
4252
11627
2451
10518
188
83
4378
11498
12371
10157
2440
12644
4521
9326
9144
9278
6582
3568
529
10490
10134
4116
9572
13645
3588
5125
7575
13235
1522
9412
2589
686
7918
9881
2838
12181
11836
2162
2458
1882
10128
12646
3757
6870
9139
1323
8280
4189
8696
2309
9165
9689
3932
9717
4033
159
5441
1819
7781
9805
9677
13506
8868
1065
4540
11762
1754
8845
780
12401
8477
4805
7786
9524
3037
12016
5578
939
1636
4018
8387
1366
11850
1620
10989
567
14061
2324
10221
9102
2137
2706
7053
3289
5752
10974
12071
13119
7595
9340
530
11694
11925
851
3395
3615
4389
4344
5008
9561
10569
3665
11923
3803
6178
12824
13392
3926
2958
3827
14034
3080
8546
10890
8850
8797
815
8272
4420
5554
12583
5580
8156
13788
1459
13702
10850
4112
7278
4497
5518
1013
12125
4990
10292
10307
129
8050
12703
11351
5003
8012
9855
8542
6098
7892
4921
2791
8649
6981
2526
1450
9933
13440
13633
6748
12356
4265
11776
2597
13636
6971
3579
9733
7236
2870
11135
1338
2445
608
13552
1274
12384
13296
228
978
2237
12018
11624
7228
9100
203
6974
6189
828
6814
11792
4658
2580
3149
2615
11926
6622
331
10398
1538
8133
4365
3546
2353
6596
6338
3836
5865
9506
4145
3137
925
13054
6670
9406
5808
9994
5319
6679
9335
6313
5390
13027
5199
3759
9082
30
2351
11200
3784
9558
11747
9066
7324
13309
6995
681
582
11854
5408
13556
10712
2110
187
10762
2669
12035
11300
1940
13598
5800
13739
9964
9609
10388
3382
11924
13619
5208
10566
818
8488
2165
3830
5552
12956
1502
5964
8298
14097
9870
4233
4810
3989
12730
9699
5348
5640
10519
6948
7941
8928
8415
1504
13255
1498
4728
13068
3412
131
1740
7351
1653
13316
2143
505
11598
5048
8490
4054
7746
2192
4768
5636
2614
6723
7439
6449
12218
10459
1214
9989
5856
7700
2005
2789
3232
6156
1973
12313
13909
12706
7029
368
8971
8197
598
10041
5147
2555
13658
5168
10197
12310
12058
2968
7197
6492
12657
13858
9192
2249
13174
7037
9585
3532
11450
11834
8120
4916
8081
13876
217
13891
8529
1557
8629
10759
1231
3475
10523
10259
10533
13058
2405
7754
5256
729
10026
5389
824
500
5789
1321
6921
12251
4691
8700
4262
10862
9831
7341
8713
2732
8176
3328
10932
2942
12945
8461
5907
5701
8814
3459
11866
961
5276
8864
6606
1185
12641
6576
9576
6650
7956
528
7902
11203
12080
7308
1591
8058
3625
13224
8720
1810
13444
558
8954
13337
8775
5096
13839
1345
11960
2691
8495
13721
7453
3706
3281
13826
374
3581
11479
3464
10672
8491
8639
200
12105
12085
13216
2293
3630
12867
5482
6054
8557
11506
11466
2495
4321
9977
5555
5057
3240
581
3565
9366
10625
364
3825
4247
11319
3660
6251
3679
11657
8689
7655
6917
3488
9415
5523
4705
11915
5307
5690
11556
6214
11647
3321
2785
1668
3887
5165
66
8910
4191
11614
11139
202
7437
8458
620
6154
9009
13252
1975
6797
9975
8655
11430
11223
8192
11121
4841
13830
7329
5407
10861
4962
5150
1134
11097
5395
10181
2393
6085
8916
3267
10500
12467
5328
1709
1884
1969
3597
6733
13426
2423
1543
4897
11881
11337
12500
6563
13919
325
452
6405
9651
6028
9770
12245
1082
513
6121
12878
4487
13356
612
12432
6425
12065
3648
7141
1381
4359
2514
2241
5273
13242
10493
77
1878
5486
12029
13012
8359
2452
6348
8510
3545
12939
3829
10754
1080
5775
5299
3378
4681
11407
981
6522
3104
9379
1269
1934
5631
3298
74
3594
4703
4685
7991
5463
3749
4135
847
6397
601
2115
1577
488
3446
12277
3758
467
539
1687
5759
192
461
5118
10451
11685
8411
3452
5562
261
11568
8748
8731
7458
3422
7101
4814
2091
6899
9247
2529
2988
9152
4881
8245
983
6455
2648
6362
1822
6832
12391
8308
12702
283
3350
14110
3231
5692
2852
13879
1349
13283
10887
3331
4509
9854
11597
4433
12411
5180
9025
10608
2837
8337
7237
2600
7067
10441
8531
10856
8182
1664
2093
8790
10158
5771
8556
8408
11040
6363
8837
12534
10120
5609
2425
9469
4416
9384
6496
11482
5866
5732
12409
9565
560
12601
2702
1091
12685
13722
6685
13203
5867
7289
3999
3387
11617
1914
6521
9625
7535
5200
4824
1177
7028
8160
11640
4792
2718
102
7414
13521
11949
8798
1206
7611
7986
13833
12530
4872
10484
1847
10083
13182
1173
3666
8233
13821
6270
12388
10542
7055
10438
3295
5223
2825
8276
4105
6490
9555
6207
6915
1679
7313
10452
9479
9107
8089
809
10351
6869
13954
10853
3990
12173
6298
1862
5861
532
11339
3943
11026
10768
1219
4562
11473
5958
4850
12568
1489
7472
13388
6823
6849
5279
3152
12073
12620
1952
6124
1322
8
242
2722
6949
12551
243
7240
11739
6229
10544
5570
6366
11354
8605
5077
9036
115
125
7191
912
11539
3985
5103
7690
8562
9341
9603
11484
3336
2786
1585
2771
4063
149
342
13647
9031
725
4679
13304
5472
7522
12416
276
9665
6354
1256
2815
5422
4701
9388
5947
4968
5688
12118
12280
1757
13545
13579
4328
1285
5930
3544
11571
9084
12179
7917
11410
5977
1340
12270
2685
1050
7737
397
10551
7911
14046
6677
3586
5246
7241
7446
4383
4628
5872
10648
4498
7709
679
4710
7000
12203
10891
2364
8967
6655
3721
13177
10501
2604
12180
2506
1945
6698
7442
5416
2585
12690
10834
1126
8953
10860
12587
5179
405
14108
5952
2671
937
12152
13745
8764
3244
5784
14116
8828
5855
1097
1020
6404
3789
3073
5313
11001
12024
3217
1626
13006
5035
13872
6444
9118
13145
2209
5158
8539
8725
11763
4331
13895
12336
9936
13228
9690
2117
3145
11589
8249
1649
9405
11
10656
7876
11025
13329
8024
6588
12958
1747
11660
3088
2583
12609
420
6016
8948
1997
6481
7643
9089
1596
1233
2851
3043
5748
9176
3994
262
1520
12248
2284
5684
4088
10741
13898
1444
9573
9431
10230
9740
6700
7261
3909
10961
9837
7092
11803
1517
7863
6018
13447
10316
10818
2488
10471
10344
5730
6786
10601
11927
3645
9843
10675
13804
7901
634
2955
9559
2592
9115
174
13705
2018
5331
5597
998
844
5240
3061
13866
4995
9101
9146
254
2328
13418
6406
11010
3530
2496
9538
6473
12149
12617
8158
13225
9849
3254
5394
9942
3657
4837
12645
2720
7291
7529
9777
1781
8801
4782
13959
4448
2132
6002
12680
6485
2622
7598
11222
8323
260
10079
3694
8449
9262
10520
4236
11399
6489
10843
5763
5548
10724
10607
5981
4056
12787
3623
12883
2956
5107
13303
4473
2794
1581
9992
4836
6031
3892
4794
5401
13910
8940
3380
5013
6760
12559
11611
8339
4242
13683
158
5209
8248
6836
6561
4256
12507
10448
6990
1616
11504
9940
7415
8946
13334
7894
7528
4140
4583
11708
5194
2464
6855
10630
9001
8656
645
8497
6590
10651
12875
4462
315
7239
2922
1674
9995
12780
3063
10844
434
8051
12488
6415
13940
3282
5000
10106
4237
8944
7552
8994
1251
12820
7019
3928
9308
3929
385
8727
2932
657
10196
6771
2321
13450
10787
8166
5352
4698
3109
11376
2831
7305
13142
13089
8326
9619
12823
718
3260
446
9719
2111
10436
1835
11514
6575
9484
3262
8703
4081
1586
2409
842
1947
2978
933
12510
7102
2116
6941
3533
9478
1419
5863
9011
13218
4971
6176
2358
10350
2481
7872
10142
5271
6932
8121
1212
4142
9611
5696
10718
2476
7503
9
5099
11352
13008
11290
8854
6275
8603
13278
7807
9096
387
13484
542
6050
10093
4213
1187
7036
410
6304
13476
762
11802
2917
9602
4267
8202
5659
8129
1297
4787
7075
13551
9688
3499
3856
14039
13541
7897
8604
514
10087
10337
2267
7560
8396
12893
12687
2343
4775
5181
8840
9856
6991
2535
974
2740
3621
508
8258
3664
1536
9883
5922
6618
161
2919
10375
10314
9265
2644
8922
4657
9734
1248
11004
3045
10674
6067
9047
9889
5970
8598
633
12861
12211
12075
4736
9548
10465
1477
5297
11031
7696
6699
9088
82
5646
10572
2261
13069
9452
1164
2717
6301
2122
4821
5137
2448
13248
5046
11957
11155
10667
3886
5946
3894
11108
1007
4304
12263
7490
2201
13501
6219
9039
3196
10534
9463
10288
3930
9996
12974
13844
1371
3644
13775
923
8584
3305
2769
5982
8810
8096
1778
9241
10536
846
6132
4393
4040
7932
13045
1732
8177
7805
8493
5459
8937
5512
10915
2969
5487
3471
1525
3903
1480
13331
3106
12511
12792
5270
5744
4665
1324
2602
4347
8895
5351
9550
11920
13534
3296
7702
12942
13662
4010
8065
4269
5220
6960
10159
7089
1001
1026
11721
4795
8807
5138
1651
1629
6216
4362
4871
3294
11502
5858
9296
591
1446
3010
9917
12460
13079
388
11975
13947
5112
9155
2252
4184
2581
10944
406
13863
3060
4057
287
7809
4148
13023
1526
12338
5101
9078
5262
9399
3222
3083
2713
4659
4915
4933
2218
12718
2490
11403
5694
3798
5310
13639
9752
3391
11947
1293
2537
11619
4963
7775
9806
10913
13154
11153
832
3224
6569
13726
1420
9672
11671
6309
6123
487
3451
12472
13470
7733
9123
6897
4484
8636
11185
8596
221
4727
13773
11059
864
10973
2881
10426
2141
43
9714
486
22
11444
9519
8808
12453
1728
10032
393
10556
5547
6623
9301
876
8367
8541
11811
12852
12070
4769
12877
2697
10628
5894
9342
2079
6286
3370
8476
3012
11442
12397
2251
7224
9483
5033
11115
12297
107
6468
10877
1564
5016
8342
7967
9869
6882
9859
8785
12744
696
11971
10641
6976
11907
12126
1756
972
4888
5651
2303
9246
3064
8135
8124
10585
4414
9003
6041
10240
8372
411
7532
10886
759
641
1609
5094
7015
13611
2961
2421
12424
6307
8048
230
6042
10553
1518
36
5216
7771
8682
12905
10682
2544
6746
9234
11868
6792
9571
13059
3006
1012
9022
13146
10262
5559
12876
4523
11570
8548
8813
12832
4558
4511
7408
11476
5731
5306
135
13518
8515
6155
3169
8374
544
3183
13535
5235
13886
11445
4601
13121
12740
3559
4382
9905
8471
10025
10138
6773
13226
5413
10331
9765
11687
699
8935
5892
8390
4860
712
413
10734
4073
1698
5335
8180
13712
2668
12506
11778
4573
7592
525
5600
3361
2437
12793
6639
10090
10790
12323
11607
13666
5373
1558
10808
6970
11173
8872
13704
11997
13952
4457
11826
12499
11056
2698
12871
3320
6826
4723
12266
1014
7866
336
7469
11041
12777
11120
97
4857
11386
3519
4198
29
5711
10405
4670
2976
12281
6262
11438
3039
9352
3622
12177
4955
3972
7936
301
2509
1040
9237
8079
12872
4978
6392
4137
12497
11100
1234
8418
10258
13265
11238
13831
3701
11633
3527
5475
20
8205
12936
5857
6239
722
4934
4753
13155
13081
7962
10061
12566
5553
216
5298
10545
1753
2643
1284
1022
6281
12375
7856
6644
965
6580
3074
10321
9164
13629
3176
5189
3040
3481
8734
11198
5567
1865
3314
12462
7558
6398
14031
3682
11904
7648
13627
6434
7039
6271
226
8906
7235
34
3714
6261
14117
10602
104
5211
9814
2546
5242
7180
11595
7566
7128
9283
7748
3324
12950
13926
5088
5519
11248
9729
3826
5726
11807
10671
6750
548
12940
7399
12597
9647
9663
4886
1830
575
13741
3815
8783
4525
6534
5494
6599
12914
12257
7222
8912
6953
973
3691
1717
798
13223
8306
5344
12699
12998
4931
9767
7662
442
10397
8110
3715
11065
2354
3120
12888
7201
9127
5920
988
13602
5311
4201
7602
11898
8146
12769
4773
11487
8723
541
3650
37
8289
10806
13580
10884
6408
10538
11470
1160
1376
9309
3316
6610
3300
1149
12605
8049
6511
7520
1991
4152
13670
5041
1704
7370
3107
13387
9075
7345
10908
2933
4268
143
13707
12215
3756
11496
108
2951
8710
5880
2477
4332
3212
10257
7839
11201
13217
10059
3071
6708
2298
7038
4547
4463
3005
940
8818
196
13463
3322
6396
11262
5346
12990
5936
13411
5606
7420
3303
4667
7294
5818
13053
8500
3771
7843
6167
12485
2997
6962
468
10880
4777
8927
6221
1076
1474
7959
11132
7772
11353
5917
8631
1922
8809
2593
419
6696
10433
9951
12924
11730
3113
10829
2245
3777
12355
8145
1578
155
12549
10580
10804
7001
8760
9747
10359
11377
13441
13425
363
9934
9222
370
2436
13970
7947
13845
12713
13377
1811
9372
2999
12001
5639
4422
7760
288
462
1467
8568
12591
1559
9984
2101
3482
6857
5560
1379
10772
10069
4818
13222
7
3246
314
11242
5431
13929
1738
2591
11215
695
10330
13144
5843
1015
11149
2821
12415
10482
2549
11964
2139
2199
4652
12892
5502
6982
11307
12368
3164
6180
6847
1669
4944
7340
11133
5484
7868
5942
13966
10208
4163
8602
11275
12567
11784
11646
7457
8917
5845
2366
10110
10315
4570
1350
5762
2515
5753
10328
3742
8990
5196
717
3292
2360
2158
10097
6594
9106
12494
8591
12666
7992
14060
12394
14103
11280
4716
4690
2377
436
962
6497
13765
10228
10647
3268
7750
1488
9655
12312
2662
9363
11537
4982
13333
1301
7076
8909
9020
6787
11841
1457
8161
7147
10925
6780
7544
8958
3188
6518
1316
873
6827
9313
8426
1512
2221
1825
13548
4156
12955
10837
1068
10062
12078
354
1893
11844
4179
3072
12869
11226
189
1056
10232
769
7252
8540
9604
11310
3381
4380
10019
1129
8728
8722
4849
4617
418
12527
628
7859
12531
8354
4158
3462
4024
12454
7139
9410
11488
6803
2433
13336
9132
220
6640
6550
5250
518
12237
9924
10176
69
10348
6475
4735
5603
6533
5074
265
5644
437
12421
7622
4904
11401
10801
6726
9710
7209
10146
3154
5081
10946
3501
7711
2889
8327
8138
10200
3468
8486
6312
4622
12459
5671
12028
9539
10329
11437
12049
10080
2294
10799
5139
1235
9521
6197
13719
1707
6843
1726
768
9119
13074
12588
3883
19
11371
13263
13300
10513
11608
9294
4704
13790
11751
1245
10773
6110
9683
286
1546
9274
3455
12210
14026
150
3033
10187
11892
3790
889
3133
2302
2517
3724
9749
559
8038
256
7220
13618
12331
1701
11616
8615
5069
4616
5176
11061
1347
12603
13868
1084
6183
10929
4813
7109
4375
1094
197
7436
12208
6320
6866
6211
11181
1392
9980
4682
7026
10817
13035
7712
1364
9853
8391
349
9086
4305
10892
5624
2322
2760
8302
7330
11028
10385
9650
11515
9766
2576
5501
5799
2836
1281
12048
7217
10048
3705
328
5806
12733
3783
7972
711
8824
3677
8472
236
13398
11427
2007
10154
7078
779
4355
14022
12413
7871
6578
11231
13220
5342
417
3552
3180
2136
2843
13942
8698
13581
4537
10370
9487
4
3102
5284
4541
4809
3249
6349
194
10411
4603
2801
13976
3405
6615
7021
6272
9929
300
11512
13988
10241
9693
7531
10119
9533
7104
11497
4954
11889
8371
6654
5164
8898
3845
2799
1639
3590
3659
9339
7989
4901
10455
13808
13289
1570
2072
7580
4133
497
8457
10222
14033
9567
10878
13907
2200
12772
390
2974
9893
8227
2656
11245
6842
1841
3142
11984
8803
3036
3427
12582
3729
2532
13491
10777
3987
6389
8843
1182
7122
13870
2963
7090
772
1495
12450
8638
12944
13330
12429
4820
8858
5914
12528
10901
4114
13806
2690
10067
11406
9137
9162
4064
9750
5773
562
4193
3148
4111
12670
13269
11991
782
9946
580
3968
4474
13361
8869
2401
12616
3718
485
2301
5791
13682
3973
9460
5595
13274
5647
3346
785
2398
11412
1333
13156
9691
6875
665
5127
5605
8729
7377
7279
12565
13632
7365
10624
790
1319
12258
3793
802
3009
9607
10425
2223
2937
3274
5902
1462
11046
10711
13024
6353
12377
2330
5903
2198
3165
8815
11260
10242
11951
890
12376
11669
7903
5261
13262
3818
8468
4574
4950
5323
11287
10354
5847
10869
7426
4132
1165
13347
8675
10562
13432
1904
13201
8565
2638
6084
643
8163
9925
3329
157
9400
9270
5182
8484
2653
9985
10294
3371
8617
3781
12912
6642
6630
13272
896
1497
5133
732
12752
438
13106
7692
9286
6938
8881
7827
8897
5011
7614
2039
7758
9864
8465
8564
165
13066
5620
5660
7641
10554
1421
11800
5582
11460
12013
11988
11063
11544
5879
2891
6649
2845
10206
5002
4167
7025
13302
281
12199
10210
8271
1146
2385
5058
6467
10027
3506
2131
326
3754
144
11938
2741
13944
9361
6902
13884
1236
6234
9577
7193
7637
10365
5404
8709
12552
13384
1706
2993
12594
4003
817
10063
7639
8657
2700
13416
5483
6573
7582
10800
8206
5619
10198
4752
266
12812
9730
4066
6092
12799
6410
12038
5895
13628
4177
8576
12047
8932
3511
11330
13856
9877
12253
8303
784
13599
5613
8419
3651
9509
3243
6805
5831
12517
12066
2211
12100
10096
484
5309
11718
7928
8016
6703
5345
668
5896
10153
1917
7327
7221
3639
11903
6268
7785
6939
3326
1662
2185
11693
9674
8181
9636
9703
1111
10872
7603
11912
6508
9229
13600
9142
2269
9810
12576
8608
7206
7246
1628
1033
13593
7584
8030
570
9772
3585
316
3970
4538
7625
3356
4733
10343
12393
2563
5890
4071
12674
3354
1817
4969
7132
10547
4021
8918
6165
10034
3925
2927
8765
12233
7387
12392
91
1486
3633
285
4281
13029
13002
5469
7817
8234
989
4208
11318
7530
6850
4032
6399
12640
12386
7657
13013
11455
520
4434
8254
2511
9557
1255
644
10231
8069
2542
7543
10216
3214
7929
11717
10991
1314
4778
12973
5747
6163
6032
2883
6560
9938
2378
13366
10306
9633
6097
12571
6621
2829
3495
6452
776
577
10464
2190
3817
2444
13761
10774
3339
8781
13567
5224
10707
10017
10483
13211
2015
4935
1567
5860
10589
3363
654
12503
4258
5735
3098
8730
8492
4229
10893
5932
5485
13105
3138
480
6584
2846
8070
10563
7167
4632
12301
12364
9888
4223
11740
7219
2744
13892
12332
9676
8193
7471
2548
12094
8174
2562
12606
9261
7930
663
12815
5067
7064
4563
6186
10700
5396
2315
13690
2631
3507
4460
13864
1695
3393
10184
1431
98
5887
8894
1372
4069
6341
5397
5044
9143
11013
9267
13905
603
10952
1594
6227
2471
186
9713
9242
572
4442
4017
3871
3647
10462
7298
8128
3048
10122
2833
2681
8456
8767
6456
11088
12442
5263
12425
10022
6940
13631
4295
11698
8871
8304
9223
740
4320
1460
10662
4494
7615
9074
6137
1705
1993
5326
10616
11089
10792
3423
4700
5954
557
2124
11092
758
12216
2215
12665
7838
9841
13492
1685
6811
9023
6424
1230
7597
2463
12091
7980
13755
6789
4985
8751
7423
6778
7729
13294
10836
7065
5608
736
2689
2296
5819
3582
3166
7968
4077
11822
4119
4854
1589
607
142
11054
7966
9926
3662
2670
12747
4008
6034
2144
775
6620
12618
2827
10522
11102
3918
6926
4581
5795
11255
12107
5691
9972
6129
535
6583
11436
3384
11170
6107
9109
12167
3641
4896
9012
11392
10125
2652
3536
5742
3338
13021
10910
13692
9304
9121
7721
5585
2260
7689
10531
6664
4392
8847
8231
4097
11769
8451
10461
13930
5926
5666
9791
13148
2355
10060
2731
907
70
12989
13014
6931
11367
13515
5965
585
3792
2482
5668
11258
6527
4238
3360
11118
13609
8111
6260
2077
3304
4746
12373
3221
13978
1470
5581
9231
10992
309
11224
4264
7925
6890
12684
2273
4829
13854
9360
12925
4898
12463
3483
1719
10254
14083
9736
12190
2123
6256
5576
6407
1938
1426
12922
5457
4197
6237
8834
5131
6912
10477
11018
9407
40
12311
9232
3695
4452
7416
7353
8697
7014
2357
6158
2156
9520
11699
10136
8607
11500
3398
11180
12242
6883
2756
6143
8782
12586
8332
2752
1503
13026
5504
4684
10377
1046
5296
5192
14068
4646
11856
4677
10410
3050
9896
2475
12840
13718
3357
1478
9197
6903
12943
12957
6717
13034
8569
12929
5995
11876
9275
8029
8212
550
12751
13097
8637
14064
13184
175
11393
3443
6206
7476
5734
1484
9398
5230
10401
9828
4868
13001
41
9302
12052
5591
853
11929
8432
2339
8601
7538
12754
3632
943
1155
5565
8533
12891
12290
13794
8884
4492
7212
5803
9545
3702
11103
3492
10565
11400
16
648
5022
10177
9207
1202
4619
1515
11312
8559
9454
3873
10145
8979
4348
14067
5728
8923
6765
569
13736
2764
2395
12931
7328
4496
11420
3140
9763
10264
8036
13448
87
2598
2878
4175
12006
13456
3569
7841
8609
13239
2129
6493
11602
11766
9338
1105
12625
12749
5700
3861
3741
1906
451
702
10681
3397
860
2608
1610
6472
3703
7113
4470
10399
10358
4353
7218
4100
2153
1576
12880
12774
7502
6438
3129
3813
4272
12853
1143
1539
964
299
3736
4373
2630
9728
959
7563
6686
9318
6571
3673
11511
2812
7077
5498
4975
13489
11294
2775
3
6139
3940
5314
10256
9355
3547
12317
3974
9374
3439
7553
7763
3587
8573
8459
7072
12984
1062
5183
11141
4865
684
10933
12522
8685
1898
1528
7299
1551
6993
2145
11736
794
6302
6587
1440
538
147
5117
13760
3089
5616
9030
9778
1124
3355
9236
4151
3563
4458
5172
3236
4091
295
9200
5839
10054
878
3584
8753
8653
1109
12859
4842
14073
2783
9502
7390
2914
8606
7223
6117
12015
11241
5830
2181
10481
3431
13464
6469
551
11053
3981
14051
11313
4802
4543
9708
650
4410
4529
13756
1735
5870
2695
11638
2824
662
3385
3652
11129
5421
6446
4927
6090
13637
3755
12858
13206
81
13405
13130
9670
4439
422
8213
6263
9245
2869
9930
13326
13678
9128
10767
13698
5897
10095
12819
11277
4230
8745
1631
6499
2266
11093
1482
12841
13164
3752
971
5989
4598
10730
9160
7482
646
6230
9910
602
3776
8448
9547
5972
7352
1736
6643
10703
13442
12865
3126
5426
13936
10669
11324
6172
12063
12481
14050
8199
3349
9969
12798
12672
8184
4580
14089
12979
13018
5704
3913
5339
10
13985
3273
7085
963
5170
9129
2888
12843
3059
6096
8251
3959
13200
10317
7820
38
12328
2673
5113
10748
9385
10141
6901
10215
5706
10333
4477
2340
1909
10994
4789
2726
9016
5953
5978
12598
5939
1139
1190
3841
11695
4801
14028
3572
8624
8052
2723
4466
10945
12844
6280
7361
11673
3454
3635
11045
5618
11710
6025
5159
6770
8379
11858
6910
872
10971
2925
2930
10599
1148
12935
12117
11037
11874
4783
13554
5718
4926
4250
7730
2095
930
14045
8487
12230
9124
3429
9073
2759
2908
3284
13973
3235
6519
1541
11308
2609
4900
3988
6536
9880
6548
11391
7074
3505
6138
8086
1746
9365
11070
7891
9446
4905
3136
13732
454
5901
12083
1042
404
12378
1199
1999
12698
3096
5583
5104
2782
11005
1607
5949
9015
10819
13151
9999
9726
11259
7062
11566
8852
12031
4418
7200
7777
5267
11104
1153
3991
10552
1692
11987
7697
11468
5516
5371
8838
13615
6168
5974
10618
13680
12095
811
5813
11583
9530
1071
2243
2761
9976
11349
787
4029
5881
6858
93
7002
8324
2832
13622
1386
12372
6091
9635
916
6024
3409
11989
10040
12595
6799
8599
12084
4577
3457
12017
1677
5832
2205
7687
3255
3950
11109
3421
7343
8186
7140
4741
5786
7354
3674
7629
7488
7884
4479
6283
11538
322
49
12613
14066
8952
10586
11630
4756
3174
10387
11969
12473
5650
1985
53
9847
7034
12976
6935
4828
1435
4293
7032
5888
10395
12764
1750
7638
11435
12611
1355
11172
11962
793
5950
13869
7668
4309
12647
11849
6465
11383
9697
7958
8226
10758
7890
8951
12334
10597
4270
3768
2521
8975
595
10253
11580
7207
9268
7970
12575
10503
4357
5909
9786
6595
13350
7851
7281
11359
6891
11994
7620
9735
1974
10031
8552
13078
1272
13694
11523
9442
10953
917
1475
9002
361
5679
13569
2383
6075
8966
6614
3435
14075
9564
2531
9606
12941
12299
12288
13466
4648
2875
13413
5018
3290
10810
10637
1509
6127
12759
4465
6860
3233
9034
11973
355
6728
911
4279
10133
13555
4324
2279
9769
13215
12688
10298
13136
4981
13793
5259
3399
12069
6972
13685
2716
6196
12195
8518
1180
2289
4159
606
2533
1240
9416
2965
2157
5793
10260
563
6209
11680
5135
12879
6095
1268
3738
27
10319
1010
11741
5405
9748
3670
10108
592
5963
12172
12902
8528
2119
4924
8524
12170
9117
120
13816
5923
7175
7842
2128
5621
10479
2840
4361
4870
11443
13055
350
13062
5129
3334
11632
5877
5115
13373
1854
9168
1337
1582
13166
11326
5360
891
13474
9906
1733
9860
8750
12348
1423
12837
6055
812
9739
734
9871
8345
5141
3799
5249
7412
610
13473
12734
9391
2255
12991
9967
2387
4731
3574
10400
774
12298
5123
9971
3041
573
11374
11662
8424
1061
11273
2679
2332
10526
2320
7747
6543
489
5645
2519
3915
2148
10057
934
5434
13802
11552
3388
12408
9285
8508
1813
13308
9244
1002
761
11517
7288
4729
6791
495
1383
13549
12863
689
10299
3766
10374
9095
11144
11677
7919
8545
10598
3127
2539
5992
1763
7500
10722
7158
9480
6431
10055
1965
9993
6863
12630
4495
8444
6690
11622
8612
5649
348
5811
1595
671
4878
3307
11505
7819
2483
5674
11197
8152
13324
11752
8882
3150
10546
9836
1866
1542
1771
6625
2186
4791
1270
6010
1286
12737
13630
10606
6802
2848
5851
459
5451
880
14059
13051
9347
12067
993
7165
13276
7336
10909
11542
10956
12207
8980
2394
3515
6687
10369
6520
11152
5506
587
12145
9481
3343
9760
10434
10543
10729
4922
11295
8409
2336
6243
2536
8583
1678
13803
985
11060
3460
12139
1137
4938
10474
4429
111
5683
2338
8489
13920
8148
12114
6023
205
118
13363
7533
12128
11604
4488
14074
72
7589
8582
7505
11486
2931
3740
5713
786
8543
2675
11625
2692
12619
13586
5719
3977
8060
6070
13221
8973
3938
7277
6753
6236
10879
10636
7100
12829
1166
7812
11080
9654
4895
9504
12600
1730
13665
8580
8634
13653
8329
5994
5944
7554
8964
3510
8137
6619
951
11527
7494
4342
12480
11663
11283
13709
1519
12436
11246
14044
10696
6742
5122
8841
3986
1927
5207
11827
730
5682
6977
3509
11298
3824
561
12466
7051
8874
11038
10339
11520
8512
11555
7663
4093
5295
4078
6153
4274
2530
9077
12346
8464
8101
7296
7315
12673
5607
474
4887
9638
1318
4620
10512
11551
4939
8611
6692
639
12202
7130
3337
9593
4561
3885
5264
10603
7727
11169
6781
11967
3717
1070
5473
11342
11428
7497
11085
9568
4290
5564
5084
12995
12231
353
2348
3234
1452
12157
13195
3525
10783
4869
7369
1043
6247
4568
2733
12246
12851
11285
12176
3785
4930
10193
13025
10714
2264
4683
4126
7269
4623
6152
1279
3778
432
3946
1691
1328
13533
5362
11869
12287
5702
10579
8005
277
5601
4879
10028
7091
11397
6833
5675
2599
10702
9616
13550
12779
6162
11244
11411
3404
7735
7081
5481
7355
2271
11713
4686
8842
330
8511
11649
13315
2408
10284
10838
6066
5925
11871
2092
8437
10078
4387
13197
5853
13764
7850
7004
145
8706
7205
547
6637
7186
2164
2936
6737
13635
12727
3770
4168
6297
11941
6342
8992
13046
549
4965
9931
3812
6429
3473
6368
71
11862
13372
13681
4859
4780
11574
4376
1189
9394
13378
7913
2899
7547
7069
10623
7604
4263
1712
10468
352
12414
12491
9239
3907
12541
14032
6364
4599
2551
14100
13917
269
5689
3927
1654
12884
8031
13786
3731
13836
10308
12937
2140
4518
1521
2788
3678
1623
4381
11593
11346
8823
5312
2929
5428
10978
5427
8170
801
12120
11421
10951
11559
10121
475
5733
4368
10894
11519
5238
13020
11465
5114
357
2953
4831
1290
1656
12057
8650
2663
6554
6777
10261
7046
7287
5334
13098
8380
13640
4718
7707
9321
12887
1479
13017
13950
9043
955
5030
8756
5794
7203
7292
13465
8754
11998
7953
6504
8870
2135
10684
4502
10622
8962
11081
5788
13143
13623
11526
13338
9403
2106
9473
6913
4575
6767
1553
7199
9692
5738
1229
13351
5623
5633
13279
5889
6017
13753
9041
2813
9592
11469
2474
11789
6937
9472
7822
9768
13608
14020
5670
6591
9782
2216
4749
4675
9122
1266
6919
3671
1455
3708
6978
8673
448
2
2350
9803
13101
5355
13135
11402
13212
659
2811
12014
3882
5102
4737
11525
191
12398
11119
6194
12642
2571
845
2455
11641
6762
7452
1511
14115
1227
11985
13591
5368
999
533
8042
2624
12147
3823
11017
11457
11161
9475
13913
10150
6570
10795
12839
253
13800
3132
1417
8859
136
6008
13039
6722
100
2361
10889
4732
10621
13814
11221
8040
2805
9370
9532
12845
7658
13748
8285
4720
4817
1672
9013
2337
3688
13277
5269
9307
4839
12755
10334
8229
3566
7923
8092
12262
3362
13340
4504
877
8715
13071
13271
12155
13572
7621
2796
7163
7723
379
8230
12985
10497
13849
5108
10322
2781
623
3911
12102
9455
8739
9983
13730
2443
8425
12993
5412
13686
8088
7915
54
9781
13016
3608
13073
8496
5318
9957
11692
4655
6607
12234
13923
936
7864
12529
625
9105
9225
6592
8288
1786
6821
10716
8995
3474
3819
919
12790
7606
7326
9920
5410
2414
11279
9402
1086
8498
6412
11543
2820
11913
338
4602
8395
10911
12738
7262
3390
11289
8403
3676
10657
4022
516
3923
8071
4846
1755
13160
2212
6945
6505
8208
11966
9097
332
7171
12329
749
10126
1673
618
6718
1812
8926
6736
6428
2887
12671
9065
12402
4051
3995
3804
4296
1277
13479
6454
6052
8033
6539
3449
8215
13483
6380
4276
3156
6086
1167
1238
7617
6967
13043
935
789
4138
6077
1640
9587
3100
597
5680
9337
3187
3869
8787
9827
8983
1169
8010
8826
9356
12904
1154
7447
11413
5934
10327
6140
6418
2523
12649
3444
12524
8947
5945
3638
12407
12889
2701
1103
6844
813
2202
6959
3767
10921
3034
7363
5749
8183
11697
728
3746
523
590
12370
3616
5961
4825
6769
3805
163
4366
4153
6149
5078
2384
1556
10854
9774
12927
8393
1118
1039
12909
1871
5513
7462
11948
11900
1731
5588
8643
4522
10211
5325
6672
10131
3032
4894
5698
11965
5873
6817
5143
3560
9185
9072
10527
887
2222
797
6451
12096
3011
5274
13207
8333
10692
11333
1926
3123
8301
9601
11785
2327
10815
7017
6979
11360
10325
3838
6864
6228
1900
7568
821
12786
12977
8526
5787
14090
441
13103
2226
6215
7732
7865
2842
3432
11952
13107
11700
2948
747
11344
3170
11111
8151
6852
2857
5045
12138
4292
4215
4772
10249
2102
2595
8082
9048
1207
10191
3007
5769
13807
5149
3618
7776
1483
3099
4499
3504
1890
11368
8104
13171
12098
8623
13358
7164
5156
11656
2099
7642
3984
12293
4248
4190
2814
3310
5393
8941
9110
1839
5913
10816
2003
2795
11234
8453
7619
7257
5820
4867
13065
2612
5128
11426
2913
6187
10056
4680
1445
3642
4409
2397
4031
12479
5406
9486
154
8149
75
4254
5997
5792
799
12885
843
13031
6542
2253
9282
10561
13033
11558
13288
13774
218
5908
6321
6265
2735
11847
11531
6776
8780
7858
10149
7654
7397
6839
6350
13268
2577
5664
10186
4853
3964
2998
714
13982
2177
317
3264
6516
344
7403
5937
9988
204
3791
13238
6693
5556
13063
2146
13981
3478
11755
11922
9426
11146
6303
7524
13834
731
7310
11888
1805
10870
13991
12525
8009
3490
6358
1131
12599
13727
6636
3269
7644
4146
10906
5693
4668
7708
1714
3953
5599
6635
9071
1032
2855
6796
8105
517
9523
7675
8244
11569
2793
2170
4863
856
252
2250
10688
8394
7673
918
9008
11534
2682
6482
6725
6252
11196
156
10381
7009
6774
5169
9852
5546
101
9848
1485
10199
12986
5186
9383
10103
11315
9458
895
7325
10038
9243
2365
12362
8789
8109
2629
8162
2719
10510
3299
13638
5051
11240
11387
7946
6295
1150
5750
4966
3278
13087
9184
11263
4730
6784
8744
3219
10109
2849
10924
13949
9829
4023
11528
13601
10439
8610
1265
8117
9919
3613
12842
14092
13076
9706
5244
6565
9061
6887
8974
12305
6633
1592
6059
7921
6528
10668
8504
3259
11293
8270
9897
6564
5436
1159
13495
9459
12419
9584
8875
2847
11156
4446
5491
879
3680
13234
2810
869
4678
5316
4288
10291
11150
2138
5228
13085
3147
1074
11302
5085
2709
6014
2712
9449
483
57
10000
755
4855
12695
3401
10752
6788
13394
9489
11195
10969
7312
697
927
12556
5354
6965
473
9974
12668
1079
6885
8236
5065
2867
7243
12655
13354
2418
12034
12898
13893
1
9742
1073
10016
8567
2103
5497
7110
5510
5382
10796
7031
12178
1204
8520
6007
9991
5962
4358
12791
2996
8712
4512
7319
5210
182
2982
10361
6218
8032
10900
12831
9986
5715
8194
2498
5703
655
7701
10274
12088
10487
13776
4806
3252
11817
8218
4790
10098
11567
6305
307
345
1793
4104
13
2094
9014
13594
11036
8505
8103
9111
7318
8343
7878
4085
4453
12256
7088
7054
5086
11554
4377
13165
5089
227
12182
7463
9240
11631
5082
672
2693
8485
9224
11384
428
11981
12783
5899
14079
11902
5430
10384
949
13032
11066
14086
11481
945
12357
6310
10194
4876
1439
1632
11840
8299
64
8259
1720
12171
356
1630
778
11256
8770
1100
2283
1513
2952
12919
13313
4200
12732
10615
512
13607
521
151
2082
9796
4594
12496
2926
9546
1354
10717
7975
5817
4192
117
3476
1996
5383
12634
7323
9488
5042
10581
5632
12457
614
9287
8998
10504
5511
6794
11086
7570
2118
1980
8235
3596
9422
2036
2739
4244
8921
5723
5409
12220
11267
2736
871
2566
4407
12027
8278
5617
9615
11039
3811
707
13791
13906
4776
8209
4115
11336
13877
6851
7057
11090
3315
3353
909
9900
2171
6546
334
6997
6448
426
1849
12501
171
1048
7944
9007
1101
9079
4210
10664
7610
7402
8300
4811
1501
2991
3283
13100
4234
1617
3489
10049
9762
6379
12504
8535
9188
7498
10558
14023
994
6015
763
6663
10320
14029
751
11261
3366
9430
9978
10661
13158
10362
11855
12132
12676
11651
9316
960
5967
1063
362
693
403
3434
8721
11805
13270
11990
1990
8132
11634
4240
6872
3470
6367
2008
3747
4689
12585
67
1684
10023
12896
5590
8913
3542
4397
8672
9447
9299
10018
496
10846
1336
9875
141
5236
4880
12508
8800
4941
980
953
7347
3728
12615
8429
7704
12456
5720
1191
7645
3143
5635
2989
12714
2777
11908
8804
9417
398
10665
341
6083
9428
8746
13570
12612
7882
5303
6352
2967
9157
9389
735
4080
13874
10077
12148
6861
52
13317
8544
11715
4489
13663
3312
9256
7339
6581
4642
9000
5507
4369
61
5177
11345
210
8331
3711
2601
6126
3477
2349
13443
6608
6253
979
7937
12427
4239
3599
11824
7286
9501
14112
2574
1621
6603
11565
4919
12746
119
1249
9408
7048
13462
381
8196
12622
4343
3880
12353
14109
12292
3876
5665
10873
13838
4123
10640
7761
8669
11639
1659
4647
9387
8021
5921
11666
12848
3330
6220
12041
4553
4345
3952
13714
13420
12265
7052
9201
7470
4973
11171
3256
1011
13813
2167
4183
5572
2862
13536
9884
9180
2607
9652
12870
8959
6848
2127
11381
7908
2754
5347
8017
12801
8207
152
11786
14077
6540
11885
2121
2725
12382
8690
5130
944
9640
10704
7210
11270
13912
10085
3914
11879
241
7920
6386
2524
2882
5075
5454
7430
1549
7475
12046
11851
4467
8445
5063
4908
8550
13132
9010
6878
2980
5222
8877
2125
1257
3512
5038
11628
2946
7713
9641
9634
9474
13404
5093
1575
12789
7366
660
5034
9823
13577
9206
899
564
11388
2257
11183
11268
5990
3225
9056
2680
1292
7948
2896
9970
7143
12204
7080
7650
4877
4819
8239
7185
13414
1181
7303
12110
5226
3554
2558
7461
11545
9678
4076
10030
6078
5021
6895
273
6673
10001
9397
4527
5225
60
3855
1723
8645
3549
1128
3919
894
3046
8563
10779
8945
5017
11272
4923
586
3558
4694
9932
13232
13453
12197
10934
2386
8536
1117
10883
692
8988
193
10179
7421
4061
2617
3593
11006
2664
2333
4942
3806
6568
11305
4542
1453
444
4282
8686
5883
3258
2270
4170
8102
10962
956
11027
2747
8836
2160
13346
148
13403
4937
8943
5871
7670
229
5869
2871
5815
5758
2960
10082
5772
5634
1192
622
8666
2667
1514
7189
8072
7628
7126
6204
2964
13141
10444
10539
7565
4312
1005
12900
6822
4832
2649
676
8204
321
9518
10114
1638
2768
11159
1320
1725
292
7699
5778
12474
6076
9312
10075
9617
2265
3376
1682
8046
3540
28
3521
5695
10352
11976
7096
727
7861
13314
12412
12715
11211
10967
4049
12166
5152
4297
2286
13320
8142
807
2316
2456
7184
33
7154
12833
13968
2611
678
7373
8348
13038
7045
667
823
9784
10486
10480
8412
5586
9642
1098
3498
3436
4412
5458
1373
11516
13768
13927
690
9193
5625
9413
11821
1217
12076
619
12232
6806
5111
7613
3486
11189
8155
3218
8743
8961
10248
9350
10053
7849
10771
279
7006
5151
11935
2295
7591
5366
10003
11229
8063
4486
4587
7569
4087
3333
3900
1953
7042
6825
6285
8651
1209
6589
783
6421
5919
12907
4456
13723
2730
5746
13649
6000
62
137
11020
5385
6308
3712
10694
8195
13780
635
5191
9343
13659
9874
4121
13789
10491
7632
3458
2560
2677
6235
13104
13090
6394
704
5495
7346
10936
6956
4536
8694
10416
12286
5353
13960
5725
6999
11809
4253
89
3160
7578
2501
2467
10414
10820
7258
4660
4953
7066
8642
1099
4449
8097
5918
5929
1703
251
10413
7548
13067
661
10654
13553
12607
11458
881
9377
683
9104
3733
13757
5162
4595
543
2970
6135
10690
7422
9476
4441
723
674
4144
3493
1237
323
11765
12856
11142
6904
8475
11117
6689
5055
5110
8705
6223
4157
3301
8397
8228
477
5467
7244
8066
6868
4275
5805
7183
1222
11033
4113
2750
13989
12106
4356
4117
6531
4471
7573
6250
7899
4428
9516
1964
1034
7280
5160
8126
2921
14107
1721
13604
4676
9254
4166
8073
8867
3562
13842
9544
5372
4202
4122
8430
7886
9935
4593
12669
1425
6224
3309
6402
5350
4507
13019
4707
12866
10305
11264
8883
537
4618
977
1296
4094
11760
2885
5900
5517
306
10918
12129
9336
13011
13467
3175
7098
12667
1220
5378
5598
12830
1144
6558
3344
4861
10977
1016
11875
9661
5959
970
11019
2494
1815
3779
2797
3780
1175
6038
11781
8483
9943
579
6476
5175
12296
6647
8796
13449
11690
2280
5377
8402
8674
3014
11814
11573
9574
9057
9590
13042
1300
5928
11341
6267
10567
9737
12934
2399
10113
12557
3447
376
6039
8936
6567
8999
13512
12235
4149
10415
3884
313
10092
8384
12719
992
3716
6274
12542
7734
4759
3403
1282
11098
6694
13493
685
4438
14072
5996
2773
2826
4591
10964
11761
8370
11891
13921
13052
9375
13352
7840
3764
4424
10634
2184
2512
7404
8677
3368
8100
4096
3017
9667
6359
653
9780
5161
12440
5509
7271
1087
9264
2650
1102
10713
10798
8708
382
4920
4964
13514
4910
5833
12822
11304
863
11576
13904
5286
12303
3872
13565
7955
3843
6413
4891
11252
8407
3725
905
6384
8179
4308
4186
12589
13477
11830
10736
1729
6339
7896
6279
8876
12906
12490
11373
5448
12763
13557
5292
1135
9595
1353
13974
1458
105
6907
2189
6266
5227
7467
9868
7486
4893
9277
6985
5915
5420
4974
10875
3875
13744
4739
10709
10266
4430
10797
2472
6355
8633
3833
11243
9824
6080
68
5174
11659
12493
9589
12161
1434
7767
4804
10117
7413
9094
5144
396
1779
893
4988
11228
10931
4352
6356
78
7372
1510
2841
1561
13254
310
3661
3189
1329
9059
7349
10770
302
8549
4013
130
13083
5254
7762
7282
4774
1342
8844
1003
11724
11788
502
4176
9404
11099
13241
237
6005
5455
3689
12675
9462
2748
12767
7887
13250
9227
10670
13713
5836
11645
11613
7445
4266
4611
11023
5015
1201
1310
9358
11658
7814
401
13922
1700
6916
2640
3053
814
110
6657
12710
1605
1544
5987
806
3151
6598
5550
8077
1550
4440
6680
10525
6682
12144
9552
6772
3730
5369
6241
4283
9891
950
233
9490
8676
2729
1006
8865
284
838
11587
10124
2299
6360
10528
4219
106
5349
8553
4426
11921
10470
1643
6391
10594
3237
8198
3000
10312
7487
6732
13575
3960
10094
2565
6808
1127
627
11581
2658
4771
1600
5724
10488
3917
5801
1183
5365
13641
7810
8169
9560
8691
8517
8679
10550
10803
10123
12308
4936
7984
1000
7873
11483
3093
4278
2541
2554
6259
8646
1041
9669
3406
975
10088
7808
8620
4661
2379
4423
7255
9303
10430
10765
8355
1275
7537
4060
280
640
6624
11495
2370
8019
4779
8381
9320
1252
5054
931
9886
3713
6824
6688
12174
3438
8788
13979
8908
7084
11681
11338
857
8773
1058
5380
9621
1868
12658
482
11729
10557
6296
169
9648
5844
6422
10997
6222
1112
8334
7731
11217
8087
12543
8260
3019
11993
4748
6432
2707
11301
7483
13000
5217
24
12725
8903
6361
5032
11110
11709
11032
2557
7099
673
10396
5809
12272
2268
5402
8514
13339
13191
9948
2986
11286
31
9116
13643
7204
8447
2570
232
4972
8203
7131
5425
11462
6161
2863
2620
2210
10233
9599
8413
10214
4147
6048
10571
6743
1315
11883
1008
12572
2465
12294
7112
12438
13558
8687
6800
6652
5417
3047
11332
9793
5637
8167
10127
7123
6930
3864
12399
829
1176
952
4788
6146
1021
9695
5167
4528
958
8581
4246
7769
4174
1807
3910
11797
2246
6437
5841
9281
9556
2803
12275
11503
7942
12729
11959
6867
6845
10753
2247
3555
3692
11000
11493
12765
11278
6813
5460
6798
12938
11405
414
3178
7926
670
10587
6697
13871
9687
13584
1447
7888
4907
386
9298
6975
1254
8794
9376
5039
1824
7161
128
2196
2858
7659
9051
10463
13376
11958
11362
1481
7407
5308
5028
6646
10866
4136
2676
13617
10376
9909
3727
13321
9183
12350
12953
7773
12077
478
3967
13169
4339
7852
2654
7152
13832
1093
10132
12093
10289
2912
3177
6439
12975
599
6021
9381
3121
9156
6293
7813
13888
3675
12423
1172
10447
6741
2758
12518
3839
3372
4027
13971
7022
9378
8002
4082
11771
8347
8224
11416
4884
10269
1356
12932
1228
6500
10970
2835
13621
8523
6880
10309
12954
12805
11138
6151
7666
10645
5447
11986
12947
2187
6992
10237
12521
8893
8506
7233
8321
6171
11852
848
12821
4912
9293
13825
5816
2711
767
2154
4255
8153
184
8211
4302
6898
11711
12502
957
2104
11128
10020
7027
3194
1948
6727
7541
4697
6282
13488
11166
7939
2183
6494
13835
1334
12146
5955
13335
5461
13941
11254
5681
6720
3904
3595
1808
258
5804
4564
1216
7875
7765
1552
2646
5592
1081
9263
6440
604
12124
13291
6559
14084
11562
12526
1741
2850
13057
3787
12127
12475
5477
234
13650
1645
5574
7504
2174
8368
5628
6884
9151
5388
1057
8680
8513
7978
3696
8577
8924
9536
6164
8217
7302
12626
12711
805
3386
8311
11130
8241
5268
4030
333
3748
13642
13010
826
13427
9680
5825
3066
536
5429
825
8899
10583
11585
10852
4866
1031
11905
5105
1378
4744
4364
7162
3342
6837
10143
4508
11164
5673
5370
2367
997
3663
13634
1261
10492
9771
5561
11323
13595
416
1842
2290
3658
4172
268
6238
12471
10432
1516
499
4929
11594
2973
12621
1051
10784
5729
3604
274
9167
8178
211
13292
8134
7030
12540
5020
10341
3182
7874
11790
7473
7097
4885
2428
13955
7933
996
11579
6287
10782
5050
11668
9873
13823
2254
1108
13687
12663
4413
3026
3743
4565
3030
6900
2478
1583
14082
7951
1606
1367
12897
6226
3945
449
9440
9260
10955
8970
7394
3348
375
10706
5558
3809
1794
795
2203
10721
2341
1113
3627
8572
9493
8454
6093
3112
11105
4702
7134
4835
4796
688
12579
11909
11753
3318
12135
13656
12229
4367
6233
11686
8522
6574
6768
9594
12846
8191
10278
3709
13108
10035
4645
13743
1846
11043
6289
4070
3607
7317
311
4011
12410
13559
10066
6719
7985
12873
10024
26
1602
13688
3461
12483
3681
6752
324
13648
10535
2547
7909
8422
2150
9899
11257
647
12785
3522
11586
1027
1875
10738
13576
12770
371
7910
11936
2807
7596
3035
10297
10217
10456
3347
6541
3433
3365
10445
11472
10793
7060
4864
13237
10268
14087
4793
5079
884
571
596
9457
339
12652
12150
5891
5563
4005
9419
13664
12446
12818
8891
733
9534
7832
3130
1280
176
7893
13431
13695
1188
2326
10649
3135
2427
4797
3867
986
10697
13190
12592
11188
14102
7924
12449
12794
4721
394
4653
13167
1239
2073
12279
7990
4286
3251
11931
4999
14085
13343
12115
3442
3082
9953
10290
10769
698
6420
4443
10251
2774
2784
12560
2388
2206
5364
6928
2596
6409
2616
6783
2767
7811
2806
8305
6213
1317
4006
7499
3612
4241
7987
13797
7577
4892
9694
4983
6378
12639
6503
11934
13605
4311
1955
13088
11982
5073
11719
6182
2605
9390
13889
3561
11375
13676
9362
6707
11884
7234
11896
11379
7003
2714
133
11184
1981
7653
6443
4260
2975
12380
6491
13471
7247
5449
12254
13472
3257
2666
6245
6128
5941
510
11787
6834
2641
5911
12478
3877
4432
3971
10276
13275
9450
6761
932
1500
4340
8376
1380
13047
6894
7106
8139
2920
35
5503
5214
1433
858
4506
1416
3226
5163
1121
4401
2579
3684
8252
11843
11212
9628
4199
12333
2403
10698
9284
1145
5195
5785
11732
11296
5985
8043
12704
7594
8433
11791
11194
8561
5059
5898
4019
160
11446
4961
11363
8776
3851
7676
2375
9439
7215
4503
5071
3090
13437
10701
8641
5551
13543
7652
12886
13124
1675
1718
12580
1665
11691
12437
13571
10995
8470
8819
7400
7290
8762
10277
4370
1836
8499
8949
4419
5233
11779
9937
3185
3578
11047
6470
8346
4812
822
6114
6442
13701
11899
13561
7489
1716
13513
1787
5663
10071
7664
13460
12108
7618
10201
5980
8232
1696
3319
9029
1903
5685
2503
6173
9846
6766
6523
7375
224
6373
9018
3847
12201
5281
8240
11774
13128
6427
5593
2892
12633
1524
5251
7145
12276
1365
3311
10489
6782
13345
11623
10427
2126
3466
6911
4050
380
4592
10229
9627
4399
13861
8519
1699
942
9731
8041
13700
305
5783
4390
6795
617
12023
12882
7559
7127
4767
7424
492
8757
1534
2300
5146
5960
9563
8758
8375
11471
4693
11832
4162
225
1352
12983
5979
4669
3654
9598
6344
865
12082
8766
5878
2287
9021
11447
10378
9305
13500
7321
7957
267
183
10368
840
1761
13307
12439
5005
12736
9982
6812
11513
11653
836
1193
4485
5100
9248
3539
4903
50
11492
14111
3184
5327
9632
9541
8652
866
3345
7964
9600
4948
8825
1785
1138
8627
4396
10559
9371
13362
12802
11276
5341
11942
2874
4476
5933
5478
724
10418
3297
12544
10830
13896
4298
3306
3317
11620
739
9894
3407
4037
6705
7435
7073
5927
11867
6477
11746
12104
2342
12169
4161
10458
3853
8659
11963
1533
1466
2564
9646
13214
5154
6749
11731
15
13958
2389
7997
6231
4589
11179
7815
12314
1711
3951
7574
9809
6248
4214
429
9054
12495
1203
6300
92
139
13624
910
7518
8771
13153
12081
1341
8930
1243
2159
10555
10224
1829
3649
3079
5304
6240
10336
10323
14053
2166
5751
6381
831
14030
8281
2992
3603
3722
752
2086
10052
2749
13738
9179
47
11675
9005
8013
904
12165
9608
2368
4755
2525
2374
9807
8130
7880
9515
6638
5476
7190
3655
5333
8438
5712
4567
4754
11134
5557
4235
2090
2107
11385
5777
13625
6365
11303
9090
10745
10821
12890
10469
9491
1666
1814
4549
10152
6292
6886
8364
13740
656
2738
9409
5379
9858
13706
14049
7304
11415
7188
351
7485
4009
4799
3745
2688
4360
10267
835
1125
9311
11956
10454
11281
11209
9386
3352
9067
5736
5699
903
841
8350
8821
7251
3042
8247
1806
3850
1494
10140
2619
6190
6815
3653
493
3837
2344
2078
11355
164
7194
11754
2291
5239
8253
4883
10592
12570
6102
8054
1456
7070
10663
7114
7137
7495
2944
5068
3849
13438
6445
10907
7831
6612
8886
12545
5629
4059
6006
45
6862
7159
12325
14099
13123
7338
6273
6617
4827
9682
11174
8365
13301
6430
11292
11175
7787
10926
11024
472
2085
8127
3955
264
11529
12226
8187
897
3516
10223
1749
10516
13837
3617
7260
7855
7148
4425
13588
11689
12825
9835
2345
4044
2244
9945
574
13606
11207
3963
11091
8279
10227
4084
5755
9832
12444
2853
12268
8242
11016
13213
1276
4609
6515
2941
6506
2603
12043
6423
11818
4182
491
10379
710
13139
11756
209
12465
6484
13822
687
5662
11192
12623
10272
8907
9485
9830
44
6873
9136
8084
4914
1928
2419
1554
4028
10791
9126
10380
9862
8733
4970
680
5301
6934
770
2390
9698
12099
8150
10419
13801
2923
12010
2873
9064
2977
11911
4225
6044
13924
13798
6952
13487
8779
9751
4079
5438
553
2798
2895
13149
1667
9722
427
73
5708
11541
6264
7268
3954
11425
5710
3115
2334
9885
8707
8294
4326
10296
5442
5490
8942
9513
430
6648
11350
11439
12593
90
9997
12537
231
8404
5280
11154
8044
1959
4206
4517
14113
13161
2176
13205
2098
5171
3502
10570
13179
6874
3601
3497
10226
5329
2745
12227
800
4763
9511
12781
1430
9113
2392
10954
4120
5332
10676
5868
5049
1941
13458
8378
6669
2307
6058
4089
4435
10764
7368
4379
7649
13881
12316
11394
10043
14019
13480
4582
80
6288
1646
11564
4090
12250
10285
11356
11274
11116
9787
4227
2220
4209
9792
7705
9543
4334
13099
10928
7825
4127
162
9845
6645
6666
3720
8000
8389
9205
4226
9773
5197
4993
8277
12632
11857
7444
13095
2865
10726
4784
13951
247
3055
3835
3456
10446
13674
9364
12351
3831
1657
1531
13353
2534
12212
2590
11635
12309
1325
12514
2256
8761
12418
13890
664
8851
2816
5986
12741
1052
11078
2242
6957
4218
1055
1331
13824
13478
8618
12205
7047
11378
4284
4717
5524
7056
7703
8360
10725
7640
6254
9684
3377
6613
11893
10683
2411
12417
4118
669
12196
6994
3085
2792
12274
4845
5943
6372
12874
13168
6051
11943
7226
8726
8427
12032
8575
11600
4957
4178
12509
7059
6958
1463
7651
7198
6695
8414
1599
3956
1987
6877
2818
12062
6232
2538
6074
594
1030
10218
7691
6702
11491
10129
412
7764
168
2356
9238
7396
8768
13964
11944
2097
4539
8668
7741
7395
7833
6609
10617
7149
7631
103
11664
10219
10775
4095
7142
3976
12224
10494
11650
13022
10560
7626
7411
8001
3288
5829
12608
7845
10750
13391
6544
10220
13261
10042
3413
9716
1804
5400
2872
10428
2819
7058
1473
13210
13865
9306
13520
312
1067
1506
2705
1852
10747
2435
8955
4490
2934
4043
13357
2994
3487
11974
4450
9112
6316
6968
6944
9373
12033
7195
7432
13370
9276
7176
1326
9482
1464
2910
1288
4662
8480
13040
7454
4714
12584
3092
8586
1961
3958
12225
6082
3961
6150
2432
11145
2861
11035
5066
7284
2907
9987
2660
605
11131
7150
10937
9108
8441
7823
5826
4750
3450
651
839
3750
9429
5439
4128
10366
6200
10473
7853
13284
6556
4346
56
6159
308
4415
10863
11665
6317
583
8246
5727
5893
6072
6064
9348
3057
5229
1758
2510
11369
12360
4987
6740
5237
8369
7916
12249
9671
13359
4102
4711
2575
5721
13096
7285
9392
7049
4994
4437
2001
2890
13285
5968
5343
7230
781
9230
8020
4301
11864
7238
12045
3624
3808
12513
431
8938
2225
6871
10345
327
12539
11996
13423
8064
10509
10144
2263
8939
12284
8494
11553
9114
10871
13131
6547
13007
12050
8736
6950
4514
3128
365
2743
13454
13159
13539
9189
76
4014
172
12319
3426
6572
6142
11643
4164
6905
4436
3782
1451
4203
12546
7116
7431
2868
13711
9062
5912
5317
7227
10658
13196
11804
13117
5173
9257
13496
10137
6840
59
13005
11423
4129
3848
10076
6119
8507
4725
3008
819
11434
9314
10300
7474
2191
3551
246
9549
4322
13828
10074
6191
7322
1343
10070
10885
10686
12659
6318
2721
8769
7079
1476
11863
10303
7409
4526
9898
12252
11629
9637
88
9068
11878
1465
7660
11733
527
8889
11748
11454
11599
2318
2877
5029
8352
7376
1174
18
2487
13540
400
11058
11705
8474
8136
7509
3788
8344
9134
1800
708
13585
2083
2866
6403
7124
13724
6094
11782
13894
294
12720
7738
5983
6003
116
2947
6605
13459
6987
2779
9258
2155
8053
10496
3589
1344
12283
1263
10813
721
10655
11309
8392
6593
3948
4706
11182
13455
10839
2610
1655
11723
1171
9085
9092
10749
11015
11872
12468
3992
10549
3095
10719
13260
4110
1387
9916
11122
10948
9939
10939
10781
3394
4712
289
10015
6426
9838
6101
3279
7465
7464
12862
10876
6195
9368
13522
987
611
9815
4785
9902
3179
760
7627
4843
13229
10805
7129
6276
9427
4083
4734
12315
9198
7545
705
12638
3067
3697
13325
5521
9639
9369
10367
10693
568
11158
9140
9026
8018
1560
13809
5493
1449
4271
4743
3110
10746
7018
990
1633
10421
1106
10188
2507
10424
6701
2459
14104
10922
4055
9181
6659
3576
12951
12209
257
8123
8616
5774
12913
4427
8011
12136
2724
9702
10631
9251
5446
12686
5976
13737
8478
5245
11887
11726
7389
13451
8732
7468
8516
1023
10917
11214
1059
4873
6357
11168
13129
4781
4277
12996
13393
13758
4738
3445
1273
11978
3801
5231
13933
12868
6459
12435
4338
9050
7766
206
5444
1448
5875
1869
5462
13122
9279
9186
8015
9890
10293
10904
9346
4535
11853
12827
8315
4786
13887
7521
3763
13355
3859
9645
13703
3276
9759
7744
13684
11422
8590
3931
7213
2966
8386
3534
11806
11317
7272
1946
13538
10163
1823
2772
9235
12498
2834
13675
443
347
12160
7386
9253
13975
4180
85
9618
9581
13253
4604
1834
179
13400
7440
2391
13795
10356
5145
1348
1598
6502
2628
3693
6980
10822
11970
7388
11612
7229
1762
9666
7406
10604
8322
10789
9445
9045
3567
10498
7309
2369
10265
7306
716
726
12577
1713
7133
9526
8114
10086
9149
5283
10270
5622
11955
415
5288
13486
11034
8440
9081
6586
3719
4169
4092
2204
8969
3341
13086
7789
554
13523
6376
7549
6734
11882
2710
10923
7138
8317
9514
2089
13251
13412
12881
6557
8678
546
8914
358
1992
11674
11370
13446
13244
11440
4807
3392
5686
11012
3190
9467
6526
1708
1710
1179
13799
4002
8628
11022
3949
8774
4042
2447
1123
4977
13408
9718
1036
12689
8263
5522
11714
11237
293
3351
9745
10209
7316
12901
9981
3592
1259
65
2169
2402
4406
13267
2886
5330
13172
6116
1096
12946
10382
9055
10666
11048
4035
4597
4323
7706
5202
4764
11530
7256
8890
5807
3325
8450
13072
11433
5627
2645
6684
5324
4531
335
901
13306
1069
13280
12516
10591
6853
2504
13578
8711
6662
10355
3003
1697
5037
6951
9328
7157
9099
2262
2651
10976
11808
4259
12185
2114
12040
11052
7695
12469
392
4932
7590
3227
11007
7405
8501
8915
8684
13125
8817
9076
2755
4400
2172
6969
3840
8579
79
9723
13162
109
3159
10940
8997
6087
3367
10101
6961
6201
2130
10118
7857
10632
3078
11501
9166
10182
9297
12259
9324
10756
6170
12381
10357
3199
3508
4228
10577
9154
13862
10013
862
10593
9968
7794
8538
12054
5885
3480
12614
7694
6820
8805
6060
10180
7512
10958
13547
7433
4125
2655
4444
9720
10650
7599
6653
11563
3091
11999
12320
8416
9612
7146
11725
13233
10685
11044
2520
4411
13482
6351
9441
3828
10340
3437
4016
3250
10935
5776
4851
4131
2088
9724
9153
7998
8626
12324
7144
5615
9630
13084
6966
2938
9158
1624
7927
8383
11474
7728
8068
11636
12949
1223
10646
6549
3400
6943
12194
8098
123
5272
5184
6414
8822
6246
820
7672
3735
11910
7451
2985
10814
11972
13445
7523
13667
4015
5658
7869
6371
8741
7965
9063
11940
5080
5375
7441
3465
8695
3573
240
6374
2352
7684
928
7667
1242
5083
2737
13436
10584
3685
9273
13867
8157
5579
433
9175
4928
2207
14
138
8977
7041
5764
6436
3103
13817
10938
8532
8287
9345
4220
8905
9709
4294
9058
5012
8502
13499
8094
11655
9233
609
4025
8873
615
170
12291
12482
13371
7581
13505
5010
12092
7633
12051
6057
1246
12828
12122
6157
8219
7534
9325
8108
12788
8792
8115
2659
127
8122
13297
11347
11343
7862
1119
9701
8362
9741
1670
738
4481
235
425
11083
3916
6947
6458
756
5779
7095
7883
3424
9540
8062
8008
14093
9349
2684
11670
479
9145
11954
7196
5289
11722
7788
3937
2844
12044
5398
855
1850
4515
1211
3557
11810
6249
6269
1157
6013
10148
11508
10275
4101
6908
8772
63
11977
1593
6611
10192
2770
8353
589
3291
11845
7093
9707
4150
3753
9947
5275
4469
5611
6199
12743
2751
12978
12694
4874
1360
12554
7969
11744
13673
7940
2678
8319
13064
9395
1161
9120
245
1262
1734
6453
8880
2112
6486
6335
8892
7677
297
9554
10751
7155
9507
10295
12590
6255
10047
5500
6047
6671
7587
13613
7410
6144
10338
4280
3614
1224
4074
3238
4165
4519
7259
3428
7635
10868
13028
5975
6566
8307
14069
6419
10100
8630
4826
886
1727
7905
8704
5215
4007
7768
6033
1954
3760
991
9226
8055
720
12420
3860
4758
4289
13176
11757
11603
2543
10590
4337
867
4586
947
372
3524
329
3922
666
3979
4493
4997
1298
2499
1424
2708
8934
4045
5221
5905
7380
11590
11796
2272
4925
1614
2683
11946
7630
402
8141
1574
3141
9147
1442
12451
10373
766
7743
8460
6933
1983
1304
9083
4075
11735
2776
4520
291
8863
2219
8665
11165
9818
10794
4478
2647
4384
3620
1921
4672
11489
1499
9425
1060
11327
4099
545
3795
12007
7061
5320
5479
7063
9456
1563
2363
4751
250
12817
215
12131
6089
3479
8911
8325
8986
7216
2586
8398
5571
6634
99
6225
3308
13503
9052
8846
5573
10050
7976
11816
12217
10757
13439
10178
924
8950
8147
13246
9861
10841
4913
5514
7583
9892
1690
11461
10099
7593
9434
3075
6579
5097
12405
7688
13383
1565
834
3821
7283
1369
5415
11112
10596
4979
11745
10720
4394
1619
2613
2809
859
9038
6756
6704
6641
1744
10466
6188
7273
2276
490
7904
7954
5827
12564
9553
13875
10084
9464
1680
11282
8919
207
12795
391
1743
7828
8640
2497
13710
13189
5846
4960
8527
12677
13236
7450
7934
13049
7961
6133
13150
850
13729
3453
12116
8093
5126
3146
4687
3335
13497
1075
498
8570
5148
5757
3628
1299
11767
5948
11772
808
4483
854
613
12470
9091
9582
3939
7082
1601
3577
658
2950
7179
11706
13402
11605
9496
5768
773
10514
1967
4196
9912
6030
7837
2995
5153
1791
2406
12476
13747
9758
3181
745
11477
3814
1205
4036
8525
12563
13227
3993
8968
10091
10147
12826
4909
4533
12434
10102
7647
7564
3982
12422
9614
1054
636
10346
12282
900
6660
12705
10742
8978
6019
4943
13286
5596
5060
6136
9842
5087
13517
7726
8594
7981
2687
8885
3077
9420
12003
11467
1715
11865
13137
4747
13109
10919
6710
5356
2568
6184
11536
2449
114
2282
10112
1362
9569
5602
1960
4760
3496
2567
8243
9664
6929
7174
9327
9353
7507
8056
11441
2582
11546
10687
7496
11095
10271
4524
12850
12651
12186
5363
5470
11877
13287
1970
13295
11431
7818
10963
9878
6627
7938
796
2762
3924
3556
10766
8786
2766
9879
12431
2734
10051
13344
5754
4530
9174
282
5338
3302
5904
888
9901
2331
7248
5848
469
2939
11777
7906
4991
2096
7994
7187
7542
7314
3672
3844
10349
12458
10532
8647
4505
3969
5589
1461
6859
5823
94
389
11106
6751
11124
7585
5835
10207
10431
3373
13185
4026
13133
10130
9800
8820
10429
12039
2274
11813
8034
3936
3583
737
4109
4816
12489
11584
2188
5359
3001
5367
10185
8692
10600
1523
4621
5277
10735
8972
3874
8806
8530
4996
8900
2763
13070
4510
13646
8996
13563
8887
1652
1843
584
9922
10614
12911
9199
938
3359
4516
8201
7300
4391
13282
4306
2746
11591
9575
4491
5638
5761
8335
1748
9990
1156
8377
10213
5812
7311
1897
6865
12123
11419
10638
6411
6393
10360
3134
7484
9851
4745
12374
9032
4325
1613
7780
12390
12239
4989
5278
8976
2839
17
4221
11968
4766
6509
4724
6721
4571
3698
58
5737
8171
5260
8356
8981
13348
12776
8143
3441
3514
1661
5515
6914
10986
8028
1949
1454
995
10335
7829
9103
8521
3908
13140
3550
278
6495
7121
5790
754
8738
4386
6681
11930
5722
113
1198
238
5007
5643
7068
1194
13672
7086
3117
8023
1818
13375
12987
13754
9191
12162
9319
10273
6512
4992
7715
2894
3153
6838
1580
5874
4624
13796
11266
7753
9006
830
11914
3087
2587
709
11030
8982
3906
11734
6955
976
377
6510
6169
12273
12894
4224
6676
6790
12241
7752
5465
1278
13407
6001
2945
13537
11859
5432
440
4557
12113
11835
4398
8078
2817
11961
1828
8860
5614
3762
12920
5376
12693
12988
5824
3957
2214
5453
4699
7270
10353
3878
9850
5471
11521
1686
1047
1752
3517
5219
8662
10845
10733
10511
9203
8791
6377
2940
10659
13075
11829
5043
4556
5697
11306
1908
12189
4372
465
5386
946
5648
2213
13883
1648
12678
2305
2109
214
4421
4374
6471
4715
11743
9801
11578
8585
11933
3656
1053
13494
10236
4447
2396
13986
8856
7665
4513
4834
12683
4086
5119
3500
6345
9755
12289
1025
6009
10740
7043
12020
4371
13763
652
12487
6759
13980
9653
3862
2516
13048
7623
4461
13857
13945
3520
7460
5040
4106
8558
6964
1305
8112
6088
12090
8295
12396
1540
6730
5027
3893
4287
7295
4761
11478
3513
8382
9797
13093
4833
1858
9250
178
2696
13475
10732
7693
9941
630
10812
4605
9451
1437
1213
5575
11894
12025
1311
6538
8455
8439
4052
4671
4847
8420
1809
6069
10506
5212
13962
10212
6661
8014
13258
13848
8400
11860
4911
8080
13846
13490
2074
3553
10605
2120
12111
6294
1019
48
10941
852
4402
3699
10739
6828
7816
5672
5381
12778
4222
14021
7178
1555
9424
9915
6125
13860
915
1244
1250
12569
3920
13030
6801
8310
10983
5766
2376
11113
12982
8551
9505
7546
3266
621
6831
13181
1702
12064
10437
12369
3118
3852
13061
10139
1302
10081
9060
11644
9461
2400
11160
11329
922
2642
3241
11348
4207
4940
2404
25
7679
4844
4001
4310
5584
3313
7398
7586
8113
4890
10761
8154
13840
8759
1618
3807
9808
5884
5709
4195
7846
1083
5052
12358
13060
10386
7417
12036
13766
11361
12097
9141
5630
9907
3025
2500
7907
11366
12631
7153
5433
10888
6738
4154
12486
7297
5610
2304
2561
12745
7071
5062
7601
12679
7562
8165
1487
2371
320
1168
13327
1676
3168
5876
8632
8373
3890
1200
13582
1838
12030
8747
2790
4852
5234
11983
9911
8929
4455
346
4216
12581
5480
6099
4588
3980
2434
3122
6100
882
5667
9597
6830
7083
6166
13769
8173
12240
6147
11449
748
7107
11906
4757
10472
6314
12143
9928
3157
1432
146
6804
3228
7023
8463
2004
13230
7943
11661
1471
12406
11334
408
929
1196
3591
7033
9865
6073
7539
4468
7725
6552
2674
12255
3774
7791
3854
9586
6920
4664
1088
9470
2217
13696
1370
9512
8740
7784
638
4103
3220
10943
5116
1860
3816
7867
4889
1247
13847
3965
11193
2694
7973
2765
8802
11299
7492
13041
5642
12731
12461
2319
8777
8755
870
10363
11250
6498
9138
298
12072
11191
5822
8904
3062
12441
10485
124
4349
7519
10619
13183
6483
11140
12750
8210
366
12550
12757
2879
13003
9259
9322
4980
1267
3116
9131
4307
5337
5445
13382
11928
2297
39
9125
3643
8175
10189
9631
1816
11463
3280
12915
10073
7935
10252
1133
4696
1130
21
1136
9712
803
9087
1332
13810
5109
55
3881
12952
1634
8614
9821
9649
6667
2728
7770
1529
199
1566
12813
8481
4578
13990
2513
8340
7035
2657
7108
10612
9252
3580
1759
12562
7982
12158
10239
13841
9537
10068
3216
5988
7020
3396
8799
13406
11382
691
3834
1532
10442
9310
7607
12662
2909
10710
11365
10046
6040
7922
5056
8274
4612
2230
3448
12271
3998
2195
12074
11452
898
10517
10897
771
13961
9495
6954
1152
463
3383
7572
6906
4173
2410
9042
4205
10927
3726
6306
10371
11067
10183
13138
11812
12637
8131
2918
13004
8879
11357
6747
7103
13157
5155
9448
10902
11448
10778
12535
1170
3800
10347
10311
10708
8293
9196
7824
7605
7510
677
134
7013
12455
13771
4958
649
447
8849
5859
8737
10993
3463
5802
4211
384
10849
10450
7263
5984
694
2422
11793
13546
9804
6043
1641
12756
7686
259
303
8592
1855
8593
4545
11202
8238
5157
6986
3253
5061
4034
4576
13734
4098
7669
6347
8085
8763
5247
12213
7264
5821
913
1658
3293
6311
5714
5756
4212
6447
682
5993
9596
9393
4590
9610
9685
504
9908
7600
7151
8025
6400
8172
13655
3690
626
5006
6068
13516
4856
8222
6604
2545
13410
12999
5
7208
6212
3469
6757
1587
5520
13829
11742
3769
5842
13187
5419
5957
2469
7931
6203
1287
5938
3163
6537
11557
902
5340
14055
4330
2439
5488
11372
4800
6210
1535
9704
5302
6893
2715
12574
7755
9471
2860
2281
2238
1688
13417
8003
3997
13368
7117
4544
10505
8057
3467
6745
13815
13853
5213
13590
3491
2569
7834
8385
6998
5423
12768
7172
12267
8185
1308
11728
5090
5838
12086
4187
9826
8853
6829
10832
8793
3086
13953
13192
12278
2431
6205
8007
12742
2880
6562
1492
8237
13367
1418
10965
849
3332
6148
7331
11269
9438
11475
6628
9613
10990
2606
195
11727
10715
5999
12771
8401
1615
4808
632
7012
4217
9727
7125
2081
1642
166
7881
5935
12696
9494
10524
9249
11335
9040
8357
11432
9882
3629
4815
10979
10568
8469
2372
10673
2983
6457
10440
10548
9477
13323
8290
10899
926
11395
4464
12019
12443
11688
13349
8214
369
13899
11575
11284
9757
531
8718
11247
6989
13481
7550
9255
7173
3272
2346
6616
8714
3518
304
11596
3570
8960
5358
906
4643
11890
8090
1208
10744
3358
9272
13759
9187
239
11837
9535
12761
6401
7889
8006
435
9644
8717
13457
4155
5232
12796
2161
1507
7166
6474
10530
12300
4000
7525
8399
4243
10847
11768
5882
167
3416
13925
10116
13037
3737
7551
12247
1919
4171
10920
10037
3020
13749
3277
6936
11136
319
7844
7479
14037
2429
6632
14017
2486
14101
11225
506
9508
8316
13112
10301
9044
1790
1402
8658
10174
13036
13526
10170
14027
2233
3205
13110
13977
2407
1944
5024
10107
11127
12962
1895
9744
12809
2430
12492
9202
8027
1911
11499
1572
2013
4546
2027
1873
9210
8957
1742
11204
2175
1802
4634
12366
10620
11071
12971
6333
13396
8318
10851
1988
10164
4762
9817
7516
12760
2043
7870
6715
12723
9949
13587
13777
9466
9812
5387
13126
6322
9958
9927
11780
9776
7515
12523
6387
3602
6108
11314
13188
2277
11125
8358
13735
10391
6131
1312
12260
9214
5530
1795
9681
6711
6337
7795
12963
5540
12964
14004
8083
9208
13935
11549
9093
5025
3204
11206
1765
13934
13115
14048
10002
3668
13937
13779
9211
3058
7616
8878
13374
7995
8661
13750
8595
1303
1391
8144
10243
10012
7714
8956
10204
1411
1397
9944
2070
10282
7996
7514
8266
5626
14043
10809
3038
7779
1413
1772
1407
13342
3896
8313
13341
6065
2059
2014
12140
2902
8600
3198
11042
9788
5535
6819
8467
1798
11480
8309
2800
8589
10824
5531
13532
10896
9844
11897
10010
8509
12921
2632
9329
7333
9499
5023
11532
11535
13969
10302
11265
11702
9332
3028
5798
14035
2037
3203
9950
8442
1894
2062
2040
1956
10281
1888
1788
2024
13202
1009
13429
13728
14018
13932
1405
11429
4319
1912
9436
14070
5527
12899
10195
9334
9182
5969
6602
10408
2046
4600
8269
13113
1876
1663
743
11510
9295
1856
13717
2028
12134
1857
13529
1396
10972
8664
742
8107
13015
7334
11213
7429
13943
10045
3021
2227
5537
2016
4640
1883
14062
4882
14081
10304
7513
1408
13931
9820
10502
10173
9623
12344
1859
1923
7678
7455
9811
9913
8363
14015
12965
11236
12244
5541
5539
5739
13626
1625
1931
12009
9822
4641
8039
12918
10007
9194
9756
10950
9217
8597
11123
10828
3076
14016
3081
12811
8681
7378
13783
13928
12322
4566
1916
1774
3124
501
5545
7790
3186
1644
1984
1803
5850
6026
3201
2044
1930
1398
13939
4636
11712
14002
4185
2019
2051
2030
12782
2068
4635
10823
9696
7477
11205
1414
12972
9331
4830
12430
6712
1978
9500
7493
13852
4550
1877
8835
9954
1933
12969
6716
9959
10807
10540
12285
8993
9622
1925
4631
13972
10044
8035
10008
9133
1844
9468
6918
1339
3013
11917
3891
5206
12133
1870
14088
2058
2056
6601
1962
12154
10825
7481
11002
7719
6731
1874
8671
9053
13507
12055
10453
1915
1792
6325
2485
12238
14094
7265
13784
13996
6326
10115
741
11143
13240
12426
9069
13568
2278
14003
6714
5743
12008
9204
4952
13574
12970
11451
2067
12961
10858
11773
13381
6553
10005
9588
1770
3208
1886
7350
13901
3209
13751
14076
13111
7491
1950
507
1415
1979
9195
5072
2025
1389
2901
1390
10895
3195
14038
3897
9215
1796
4313
2006
1963
13527
8106
13299
2180
12807
1998
5542
10169
11049
11208
13525
12968
13772
1943
3323
7418
10763
7774
13999
2441
10250
11831
6063
10840
14042
2460
1972
7385
1899
6329
3193
1404
7357
11057
2553
13661
12717
6383
1777
2147
6328
1901
1799
7803
2635
1907
1913
7337
6332
9498
12103
2012
14007
10165
12810
3537
1775
11114
12629
2468
4639
1403
9660
8074
14063
3192
12766
8268
7250
6435
13993
10006
1409
2898
13332
2045
12558
2133
5532
2026
6758
14047
1767
7801
9170
8670
13592
2029
5036
13946
6053
14096
10203
2087
12808
11076
4633
6709
14008
7434
2197
3084
3197
10364
1357
7517
10407
4695
7379
11162
8361
1406
13908
1845
13997
3669
12784
2194
10409
11701
4273
7792
9497
13956
11652
11074
9746
6924
12361
1769
9414
12061
9169
9626
8312
11163
9962
1377
4299
9819
1851
1982
12137
1410
5452
2066
13652
13116
2075
2229
10160
6244
13900
4585
1929
9624
8262
11980
2063
2235
10660
2053
2208
14095
9269
1889
12515
1776
4625
5536
11795
11055
7646
6388
1064
2426
1569
3167
11464
7717
14057
2023
6501
11683
7478
765
2035
11494
1745
2060
2055
6323
2054
11126
7797
7804
3420
13290
11075
2047
1635
3895
10167
13178
10009
13583
11682
13509
13725
13508
1780
3229
1401
8410
10064
4314
7374
12806
10171
5655
2636
12654
1306
14071
1986
1346
1400
2052
12653
7682
13983
11316
10679
9783
1885
1783
2048
4068
9955
4065
10826
3200
4637
3210
11077
2420
7783
744
10627
7307
12835
13175
7796
7557
2618
14036
2335
6105
8026
11328
2020
14118
12304
13273
10202
6334
12337
1412
1374
9656
1394
6922
1936
9333
1773
4569
1861
2239
9216
7225
3207
4572
10985
8264
7266
7949
1385
7425
11064
9161
3206
2804
3899
746
12192
1399
5852
5525
13885
5026
10011
9172
7556
11311
5717
6555
503
12345
5450
13850
12037
11509
5464
6277
4629
2038
1784
7401
12400
5543
12164
10104
5652
9963
5973
12343
11147
7428
2232
13208
11794
5528
6327
2625
9300
9657
12068
1309
13781
12059
9620
9178
9578
2633
12960
3144
8688
9794
1368
2317
1924
13395
14009
1766
7716
7427
12895
12243
11678
10161
8265
9961
10653
8428
5533
12341
3101
2417
11062
3202
3810
12153
2076
1905
11151
7364
1789
7168
3027
7382
6923
9753
3018
13380
5136
11190
12923
14012
7800
11389
13369
8330
12428
9218
13787
6678
2900
8075
7680
14098
3889
8291
6896
12682
6382
5716
10521
8223
6037
6062
2412
12302
5526
4317
13510
8349
2228
2065
13918
1801
2179
4651
8095
10642
2057
14006
6331
7443
2637
7384
13305
11703
12967
13820
13530
13785
7359
1920
13902
9330
10737
7914
6807
13716
10406
8622
12326
10245
11404
6257
10420
14041
14056
3610
12722
1891
11417
13998
12724
2049
7383
7793
8667
11253
9177
11072
6925
5741
14013
8588
1832
1958
13531
4630
7381
1571
3611
13782
2032
14005
2903
2042
8076
8699
12447
13118
5204
2424
5538
9960
1226
10864
4316
13987
14010
6816
3044
10644
7480
13434
2897
7681
1918
7993
13249
5931
13897
10449
6818
13102
13298
12335
12340
14078
4300
13915
3888
2000
12561
14000
4067
11507
13198
12342
2011
12087
13805
3049
13134
6120
13938
7005
13778
2231
12628
1395
11676
2552
9212
2022
5258
9351
10576
10175
1864
2413
10234
1826
2234
7751
10478
13644
2893
2031
9659
2050
13044
1892
10788
3640
11945
13528
2489
13612
7656
2446
12648
2454
10827
3898
5492
13948
4627
10507
2623
1782
14014
10389
6061
2915
7170
6330
13193
8261
6683
7798
2627
2009
9833
9952
1957
11068
7392
7567
10172
