6084
10579
13268
13903
5265
8371
10981
7984
11264
5032
10551
1555
13549
2548
5059
7377
2782
5143
7523
5034
11739
10510
848
7945
6456
2743
1363
12996
13144
2964
5228
14064
8700
4143
1701
12663
11904
3310
615
8100
2699
11189
2889
8880
2967
9452
10248
13244
12432
7554
13710
5930
5092
3632
13886
8073
1593
4461
11024
1490
3554
4800
4076
5097
10417
13183
4232
6659
5561
12552
3927
11540
12136
1258
836
2863
11796
4574
10369
11547
1990
2768
11326
13955
3356
2605
2138
13411
1660
12912
8932
7726
9376
5083
10198
182
10313
7821
7784
9740
539
7967
8012
12566
4223
11322
9801
1332
8036
6452
12705
3924
10232
10942
7578
7544
11369
13491
3263
9767
4012
175
12277
7502
521
3248
1549
10792
10921
9164
3992
4722
8287
6786
7145
7733
2978
7402
9606
447
9137
2950
4122
13011
1167
11288
3878
9725
705
12814
6732
133
17
5287
136
1078
7247
6645
941
13808
7426
9689
9255
7230
11358
10298
10875
3581
10185
10603
8300
7919
7952
7858
10541
5843
11106
7240
13739
9092
3827
12903
11272
5263
12487
11397
5989
3894
978
9341
6517
9908
5346
6881
11252
6118
4192
719
7283
8844
3418
2606
5096
9870
10550
7723
9114
12465
4426
9478
13162
2445
5337
4779
3517
10775
5095
13737
3946
6286
12214
1189
2282
6386
12713
11357
7476
6219
125
1005
4764
3873
6413
10616
2891
9390
10306
9551
6981
3308
3596
13677
11503
12551
12182
8789
5451
9985
641
12952
4955
5599
11443
4024
189
13638
7047
9024
1896
10977
7602
1727
4564
2607
10668
405
671
3576
10279
9609
11387
4270
12006
12468
11116
3858
6034
5398
7444
3617
4182
546
6473
13293
12848
5084
9563
9921
246
13975
8885
12323
12095
5100
3585
212
13397
12107
4082
13448
8754
4757
1937
9697
12398
1376
8426
2256
12589
595
989
13880
2493
3000
10761
3609
2892
9557
7259
2388
13003
9871
4864
9825
253
11892
6339
1048
7896
9989
6588
632
10327
1975
858
4540
3532
13553
801
13957
906
12917
11307
4584
5505
12697
13748
1245
13905
6590
4216
11332
6492
6482
9999
128
10125
7108
8717
13236
13670
10739
3140
6002
10017
2799
2789
8679
4974
7309
882
8093
10121
5306
793
12151
8319
11789
4488
1800
12149
14068
6188
10982
1203
7034
7205
582
7122
4331
5127
771
8933
7987
911
5294
5316
3046
8805
4615
2851
6853
1700
4345
77
414
7022
7081
242
11217
5009
1641
15
6215
1104
9444
12142
4711
10672
6195
8829
6700
487
6445
1488
11297
11570
10499
2987
11157
1236
10643
1665
4354
13155
8050
8570
11232
9270
10528
13917
7599
3624
812
3967
433
5184
13264
2727
3949
1670
13759
5864
4372
4915
11365
3970
7841
347
6403
8459
9552
8649
10898
7070
3389
3902
2350
9774
7615
13412
4254
10514
1116
11818
304
13296
1225
8537
5769
12439
317
8097
425
1101
3312
11686
7461
5834
11895
2628
9047
10628
2221
4807
8307
2524
12695
9495
2088
4619
9293
1940
11100
13408
10608
8044
6781
6225
8024
3131
259
11212
3943
3747
4479
4900
13603
4496
11589
10428
3723
3994
2084
13954
7708
13013
6522
6320
2141
8987
2244
2212
8565
11613
3364
11245
12448
6961
6725
12578
11903
1117
3929
8013
9741
111
171
12425
10480
8451
13265
7989
12636
4682
1265
4365
10427
10484
10759
11041
12664
5553
3806
7080
13336
2113
139
2251
1263
1634
4917
9902
4180
2798
5270
8389
227
475
13124
653
10933
9986
1849
8240
2286
9804
12275
7828
6783
4712
10032
8648
2955
2822
1126
962
8151
12442
468
6020
6152
10466
13506
4069
11479
7031
10432
3740
2541
13379
1974
11159
12054
10724
1965
4173
1175
9456
4151
1977
4018
7880
1283
8277
7574
12567
874
2297
3915
240
3235
4227
11997
3497
1846
3363
9238
9461
13544
2710
640
1835
7088
9437
13055
9291
11498
3130
12940
904
11282
12155
6478
1228
655
1994
7106
10322
5374
7061
9026
6372
12838
13205
2884
10594
6820
7764
2431
2550
7356
5063
6266
7978
6633
4485
7406
4237
7762
6119
3689
11761
3441
8678
7975
12615
3329
2477
8386
4662
8213
7038
9134
4283
8771
12499
2093
12992
2561
13907
2240
7086
7687
8150
1430
6109
11255
3253
7819
8466
11136
10740
1212
5239
11407
12689
3597
11529
785
12554
569
9879
8109
13445
824
5709
12632
10495
11778
3612
14083
4492
1114
11924
9535
9841
3155
6485
5884
10217
7257
86
5377
8716
12493
8087
2127
3098
5364
6882
4136
4759
6366
1707
9088
3082
4298
5250
7541
12121
6335
5512
3184
7684
4865
3233
3316
1461
1387
13924
13282
4700
9359
6831
2112
7267
10147
11366
5010
8148
251
4785
1320
9286
807
6594
2638
4130
5979
974
12685
9481
12110
4638
2965
10548
6581
7256
2595
5472
11812
3729
5825
13672
4860
6095
12099
13786
2080
4497
14100
10885
13675
8936
325
5217
3264
13453
1327
10844
11112
10368
1922
6019
927
8874
3598
10494
4476
9518
11471
2451
12779
2590
6294
588
5488
1594
14034
13139
13811
6299
735
13562
7458
12593
6722
6300
13010
11081
5967
10060
13584
13333
8171
8420
5981
11082
11153
581
6427
3560
11769
13098
10066
7492
3892
11423
13444
10857
8304
3128
236
7362
10639
6625
3619
1718
3450
3703
11161
11079
7062
11313
9446
8872
984
3007
1838
2488
934
11419
11806
6
11178
6520
6363
411
11135
3307
5259
9287
938
10796
12794
8005
3474
10876
1654
6487
1113
1704
9971
10324
10063
2726
13892
8453
2787
5297
11283
6982
4153
12607
3550
2155
5168
843
6801
3223
12482
952
7747
7135
6663
282
5145
19
13266
2677
6143
13403
10946
11008
5443
10357
11962
10463
13701
12954
1552
2438
9064
7466
3647
13830
11298
7228
8066
3225
8110
10605
921
3354
6558
10625
12402
6858
5124
184
12065
11009
9538
10035
12416
9654
2182
7370
1088
11483
7885
10140
51
12686
13859
4809
8728
7146
4333
1494
1261
10859
10231
54
11323
6027
10676
10277
6107
3801
5182
8475
7538
14116
1109
4050
5607
4443
10730
13738
13548
4551
12611
4748
2696
4516
1193
1079
10455
6593
6967
2209
612
2748
13713
619
10685
10964
7405
6675
3847
8731
1814
9231
9449
7867
11815
12028
9010
4557
13841
3453
10210
9751
7720
1151
40
2152
5370
12853
13597
5017
11697
13014
4704
2352
5050
2015
8086
2254
11605
2136
4155
346
6458
13160
1909
6884
2359
13991
9636
5874
13169
10120
8916
11209
5915
7888
6944
8686
399
13854
2644
13653
12633
8085
4684
4763
9192
5469
7539
13797
42
2995
5645
8974
1351
3615
4391
1486
4292
8119
6753
8365
9567
6416
6510
3014
14072
2199
7727
4672
1308
6269
6159
1227
9901
12510
820
4303
23
7094
7575
6483
5146
8733
8160
6744
9911
8422
1139
13212
7148
4689
12237
12181
13711
7464
10566
1880
10922
11203
10485
4414
4330
13413
13407
3469
5438
7856
3102
2840
1459
1108
8298
2876
9062
3575
5154
7445
2812
11249
11907
8935
7073
9887
134
9793
557
10944
12127
6406
7210
1562
7734
13845
1602
264
2932
12035
1311
6565
13802
5925
14054
9219
13424
2713
8378
1133
13187
5909
6988
8219
6173
10339
2577
1794
7558
3922
11271
10152
6130
11065
4597
12020
5271
3830
2920
4243
6698
10022
1371
5262
9360
401
9150
3993
327
11378
12538
4938
2142
11817
2991
6370
4493
7757
8008
1992
1643
11026
9149
7264
6340
11109
3543
13990
3272
6209
1020
13262
4368
2886
5289
13211
12159
11447
6187
6262
12485
3079
11864
396
9073
12278
2287
1173
13248
3725
4432
9124
7835
11385
8113
5101
1085
7635
2730
2698
12870
10794
6239
13157
7903
5218
4683
965
7960
605
4903
11392
664
3500
11424
10853
11027
9084
5301
276
11751
7718
10906
4948
11561
12376
6068
9307
5339
1305
12146
4282
13891
6898
4190
6964
3613
12727
12245
800
713
1051
10092
685
14053
8651
13535
10741
929
12985
11086
2099
3372
2304
13913
407
961
12424
2515
607
7958
3776
318
4140
82
9045
11289
5043
4953
2880
7694
1301
14091
1131
6096
349
6202
9895
543
10297
10821
7449
4504
11090
8816
1373
9354
6977
532
11783
8089
5861
13201
7431
11390
12307
5180
1068
2646
3822
3578
7053
6351
4562
1004
5159
6075
6541
9754
6447
12394
5111
5862
8909
9028
3756
8305
6291
1442
8800
190
3800
6697
6546
13571
10659
2200
9888
10887
8753
6433
10458
1991
13761
1811
9997
9540
3260
12606
4009
1553
13794
1722
9695
10725
9830
5678
11714
1423
10000
9651
971
5549
3168
9465
8233
4954
13130
4100
9523
534
5309
932
9941
5584
12529
6939
6549
12701
10153
8513
2563
11312
10314
12109
8888
13181
13109
11428
10980
9919
105
4813
10880
5753
852
11651
11228
8385
10797
3338
13705
5326
7769
3315
760
9975
10288
4737
10877
4238
5881
2673
7543
7862
2456
11853
1997
11878
12823
13793
5385
29
857
9969
11218
12893
2927
4836
2375
8058
4081
13521
284
7208
6840
3762
11415
10299
11033
7332
2150
4968
5913
8155
11293
4465
9240
2074
1331
9091
7644
4611
13953
2742
9387
3526
4449
11083
10688
6375
11227
1124
13186
4131
9665
5664
1314
12938
313
11089
5345
5511
8890
7499
11788
13270
11635
2293
7139
8185
13533
654
12321
10509
13084
878
8258
6817
2156
13302
7091
6906
660
11400
10856
2140
6343
8137
2437
6082
10451
1457
8852
14045
7807
10374
12175
9835
3467
9000
11433
3621
3343
11848
8168
7739
873
9649
5198
11828
2534
4946
8322
7452
280
11832
13557
2461
10547
4739
1953
3618
6531
4183
491
4146
11642
11860
11643
559
472
3797
5643
11593
12973
548
5047
4098
4262
9352
4542
7190
413
10552
9539
5801
6544
1252
6665
2340
7898
3252
8324
4508
8866
11695
5747
5293
1040
1270
13789
2302
623
5422
13706
9076
10956
8814
7268
1566
3165
285
7318
3457
7881
5365
5013
1804
13665
2120
8043
2820
8861
2865
4459
5060
3288
6702
1607
567
14028
13799
2358
65
11310
2672
13142
4892
7398
1839
9809
5015
8672
4848
11256
11843
3570
1546
7213
12348
11938
8077
12045
5126
5735
1921
8652
11115
3478
12002
4827
11658
9166
2158
9316
388
4937
4363
5494
5803
5900
9991
12821
4945
1540
12641
1280
5320
6428
2976
13692
5435
10180
6749
12231
11318
13729
10902
5244
10680
3941
3706
6350
970
536
14102
9764
3728
13819
12328
6634
694
11380
5902
2117
1827
6784
818
12132
5718
3853
9282
4379
2102
2972
12836
2833
6302
7654
8740
9001
7342
1818
5490
8335
3692
13565
7845
8328
2708
4897
3973
7837
12876
229
2434
5943
8720
12583
450
33
5056
2403
11408
14099
2741
10817
5087
3730
6966
3745
8295
5233
11757
2762
3503
7249
12894
11877
2723
12627
2899
8656
11170
4293
13687
1793
1615
4586
141
9524
423
13843
203
12982
988
8555
12841
2189
12282
4381
11096
3459
9403
12235
12276
2342
13545
9393
3791
5260
8954
863
13596
8290
6761
9534
4816
8239
8427
977
7894
395
10390
4884
13468
1179
13947
12457
10941
13148
9899
11011
5692
6536
9842
9510
4444
11184
9583
4795
10841
6038
11243
6079
11211
6470
3376
12584
12177
12793
8939
3491
11545
1778
4610
163
1640
8391
979
13606
10771
452
443
7320
9441
752
6484
13730
8159
2345
9421
9765
6718
10482
2872
12857
13235
3311
12248
7024
7310
156
5649
3556
57
10187
9951
10525
6952
4401
5062
7524
8296
7611
3347
12796
12868
899
5459
8397
1362
8539
8707
1138
13438
4019
8908
3588
9427
6658
442
13020
7549
4789
6774
8534
4815
4962
2850
8191
13681
4062
94
6607
6305
11038
4808
7593
6940
6842
1192
7586
2124
4791
6255
9018
4128
157
1069
12856
725
3656
7126
8510
7317
3741
4138
11028
9610
9851
689
9907
5170
334
6254
10190
11873
7084
7735
3726
1687
101
5851
1564
7695
10227
10446
13346
2685
12502
12171
9979
12914
1080
5477
8173
3216
1156
6763
3788
7375
8532
6800
12052
11522
13428
1086
6670
80
4582
2353
13192
767
11607
1499
12755
10473
3093
7052
1211
6009
4541
5577
1425
7258
4902
11309
10884
12581
11304
5723
2554
12549
8362
7997
448
2470
8294
12645
2092
10675
799
6229
6992
5142
59
5325
7151
13030
6177
3504
11193
2217
3191
4775
7504
12626
5633
12088
73
11016
13017
2814
4154
1047
7859
195
1169
5480
6204
10930
4845
12227
1539
13207
6616
228
1198
680
11900
6775
6507
14104
9621
9616
3072
11618
10487
3842
7587
7648
9066
4489
400
9745
6727
3108
10651
7642
3633
5757
5006
7015
6914
8292
8856
1436
13708
4798
7660
1588
13400
12651
12726
3231
3881
10733
12560
13247
12773
3254
12831
1421
4168
11169
11883
11568
11052
10687
9395
7934
7141
4529
11403
2079
7950
13237
2683
2219
6869
4909
5554
11185
4054
11394
7186
13041
7171
2425
7298
10272
8199
3136
2193
13936
8229
499
9294
13817
8167
6948
2907
8553
12449
5386
520
3654
11816
3333
13796
13421
8708
10696
2997
663
10891
9126
6461
11804
7887
3698
4264
12640
13138
7866
2559
10914
13813
6917
11105
1154
5267
13358
1052
2703
1942
11200
11262
3187
3951
13394
6046
1155
7076
8007
2936
5086
7782
2107
1551
5992
5483
7534
9111
12503
5978
8156
13848
13696
2724
4539
4442
6361
10960
11985
11093
1022
10854
10508
12563
8122
11989
7373
12630
12624
13523
2320
5651
3884
8186
1620
12450
2803
5463
13844
1474
5202
2469
3835
3161
394
3258
2111
630
9625
513
5597
1450
6841
363
6974
6870
11869
13451
9729
12590
4202
8995
6352
7115
1429
8181
10948
13492
11446
5045
5585
8991
9700
1492
5064
9245
5456
11852
4135
6021
1959
2279
7200
218
9493
8627
5784
5179
3936
7738
5489
12497
4535
4344
3245
3865
13300
6422
10228
12531
6941
832
8354
7177
11461
6047
11543
10155
7976
13150
6614
8402
12748
9470
2792
2746
897
11325
4671
6755
7805
6620
3357
3855
6459
177
9268
11930
7766
7338
11139
7972
3636
4059
6141
514
5865
9866
12546
7951
3710
2369
4200
12496
11738
6147
7496
14108
6963
891
7201
10396
5082
1345
12828
9965
7104
13355
11646
958
6080
5746
4601
6319
1119
4994
13085
1257
1235
13047
12246
8613
2693
31
5360
168
6591
309
6394
11489
3687
9669
169
6672
4247
6919
7407
869
11779
7179
5479
9373
2560
11530
4285
2824
12687
12657
8838
11300
10652
3043
1319
13846
9791
6978
10033
5714
11654
2542
12576
11091
11664
1689
6825
541
5468
10091
12730
10413
7109
1497
10349
10799
8071
12638
3764
11511
8645
673
11036
3906
6746
1627
10975
344
7756
11961
4912
9546
11698
5282
10307
13442
10229
4390
11986
4438
10663
5580
918
5141
1475
950
3677
5976
3438
6861
7206
6521
2501
1439
5609
3017
1160
8141
13849
12847
1166
511
5760
2933
5701
1807
3733
9030
3138
8797
11436
13585
9803
12909
3783
2091
1222
10097
5663
11587
5767
11670
7683
9038
6085
1557
9698
1534
2492
2391
13177
11528
12113
6829
14092
7816
5792
13425
5094
6969
9157
13551
2591
9267
6066
12380
8465
4150
2214
3794
584
11196
10159
13522
10602
4766
14107
7001
5140
2280
2406
6578
11214
12603
2966
12916
13641
7054
5559
1077
8259
11294
10504
5491
8975
6772
13366
2694
8041
6318
5224
4820
10703
150
9141
9878
11320
2747
6582
1050
11286
5685
9289
2195
12834
7923
1720
7548
2148
306
9100
834
4570
1872
1021
5940
1238
5040
2296
5502
9259
1095
11470
6871
12753
12256
1365
4718
1178
11336
9054
3110
11482
5826
10442
13791
912
296
11468
1111
8640
9550
5781
1354
10419
11372
13133
1887
11993
12569
8604
13818
4518
4742
13575
3631
12096
13401
10588
10996
8583
860
10631
6417
5596
919
13016
12631
8217
1084
9966
1504
13145
5269
1353
7314
11999
6018
9132
9326
13324
1472
2549
9943
3975
5073
3217
6691
9827
10785
6377
9404
3325
0
3727
4376
755
1764
4930
575
1843
7613
1484
7874
7889
2934
9682
2171
13347
10133
11954
11819
13586
12528
3604
5391
1502
5573
12193
7358
3680
11040
3336
5028
4521
1919
2774
5054
131
1517
9821
478
2170
4427
9035
11351
1890
11677
2609
11657
7131
6272
11912
13460
822
10256
13141
7253
5744
11729
2971
1750
11559
4978
10490
10673
2396
3534
6170
9614
4524
3523
5503
5235
7167
10114
4594
12161
8785
13156
13804
3964
12877
12436
1500
8623
10380
10974
10376
5593
12080
1259
1055
12490
10112
9568
1611
12860
9288
10637
10748
7051
7207
724
8430
10971
1878
5736
2094
4386
5622
5715
494
13649
295
1854
7137
10849
8759
3349
12812
9019
1347
6667
56
11582
4533
3299
11445
7006
6946
5567
8126
598
6076
11215
359
11653
8729
9931
5636
11431
9163
6903
1452
4371
13100
8765
4445
6932
5147
12115
732
4794
12018
5148
12851
12721
5181
10069
3035
1197
10686
13168
7173
64
5965
5710
12266
10163
9303
11972
9117
9279
3607
1273
3063
8179
7965
11145
372
616
5660
10252
2505
10440
75
11641
10586
11644
4799
8081
4006
4609
9602
10100
13313
6953
4703
11797
4209
6307
3555
5820
1969
8
1479
4406
5912
7857
13079
4105
3690
3411
7553
1493
3502
11665
6030
8718
10657
3890
6556
11242
11966
9171
9320
8068
7873
10815
69
4384
1180
9472
4197
13640
6589
8564
552
945
1302
11054
2668
657
13874
5749
1321
7412
2326
4657
7823
13893
11781
11935
5081
4011
11599
7090
6845
11156
12572
739
5071
1447
5720
6995
9883
4341
4203
8215
6463
5519
865
10518
8436
12605
706
928
8911
4189
12949
165
748
5578
13062
7472
213
5330
2463
11416
10267
12453
5641
6708
9077
6551
9244
13566
5521
968
9560
5587
12791
1606
5758
8755
3157
4424
13361
2675
10867
5162
976
4112
1483
6515
2707
13362
8584
10671
8419
6972
10580
1710
11826
3688
6385
3328
6682
8887
365
5351
10414
13657
12759
9139
5727
3077
62
11219
4929
9424
3643
6738
7956
12384
174
8752
10269
12915
11457
9577
3277
4280
12287
2565
9041
2504
214
10393
3719
12242
5430
4940
5079
5873
3151
355
10907
437
14069
7583
10752
13978
8837
3925
11221
10619
7722
12026
5959
7937
12210
2589
11959
6232
3373
8944
555
1758
10802
6028
11364
315
1326
8581
323
4519
12547
8360
12268
8209
3265
11094
2640
5955
12585
8187
4407
6078
5408
148
2292
11450
9015
153
8541
61
4294
7741
11343
333
4731
6804
7573
8777
6132
11716
12100
8892
8741
3436
9748
7612
11257
3790
10951
12947
7319
9392
3954
8538
4922
13660
4988
9008
12692
5292
8376
12652
13242
9158
6562
12446
4049
13154
11805
199
12117
446
10674
3232
8614
4397
338
12313
3947
9722
9953
9683
10086
4016
7559
1970
1035
8516
7589
3699
7238
13458
10143
2968
13658
1416
7661
2857
3966
12219
4149
2538
7788
2151
106
3423
13622
7281
2738
13158
1908
7397
5625
3639
11990
13594
10319
1573
3773
4421
3904
3113
11608
8278
9315
3395
2593
9864
13464
4494
2435
12858
7335
6175
10753
9684
9589
1058
9920
6805
2389
6572
13001
3432
3426
3722
5590
1140
4565
11003
1135
7535
13517
4520
10893
5707
3190
10273
11737
2440
3137
1522
3380
11337
13825
4342
13301
4403
10519
10787
8545
5400
9432
3387
8683
2285
1513
6402
5562
12537
13195
6238
10062
8992
6994
2220
11534
8169
11231
378
9143
1
8665
11005
6148
2248
4667
11813
10709
6032
3787
2602
9338
589
3170
1121
7040
9249
13048
1279
12076
1999
13712
2681
2125
10656
6481
7058
11722
4526
6111
5322
6674
13315
430
5613
3935
1379
11275
6834
8706
7125
7291
7706
70
10626
7913
3417
11481
12075
12725
1812
2466
10786
495
376
14065
5323
457
13753
14075
3465
8999
11234
12152
3219
7012
8641
6535
10615
7846
13719
10662
12310
4889
5093
3042
7530
3735
9248
3270
9978
11662
13877
12778
9595
10925
9615
329
3880
5721
179
10523
5534
12999
3921
11034
11329
10454
6910
1081
9915
700
9727
13973
5110
10592
12240
6580
5877
7742
9674
7546
7533
8446
10791
5412
7299
9153
4400
5458
5764
4768
1639
10201
4113
8123
4904
13416
11472
2990
12043
3458
10723
11341
7973
10265
3283
1463
10219
2958
8913
3224
9036
12564
10450
12792
574
14109
9852
10503
13292
1768
3928
11820
13758
6757
1324
424
7787
1816
6455
5223
4039
11141
8063
5342
2336
12678
13923
9083
5712
3592
11237
1747
6293
4439
6176
12411
11149
3402
9370
11296
7004
2291
3969
2779
8166
13511
7948
9396
10354
8691
7917
11299
11442
11601
4872
12207
8193
4901
3701
12679
7211
10912
4177
13469
7467
6214
220
10311
13337
6193
9875
1039
336
13295
3111
3838
12803
4215
937
10636
13834
3591
12273
9207
9515
1949
5347
3303
6405
11755
9867
4985
11338
8134
2811
9760
8421
9635
7209
3361
8138
11376
7702
3695
4804
10766
9128
5674
6503
10720
13106
7512
4701
11777
5635
9582
3995
7236
288
11764
3985
12283
489
4920
9402
13080
11533
4115
13795
2887
5783
1383
5219
11130
13702
12883
1673
10355
916
6628
6216
12024
2969
11179
1010
13806
12078
8990
1186
7485
6163
11180
12614
8947
12393
5627
9988
7542
5644
5876
234
3614
4276
3767
4253
5579
12225
11439
9096
12514
7901
13971
4272
286
10544
7105
8666
9007
11766
7162
4022
8501
5846
3634
420
11875
2924
849
2849
1054
10549
4206
7093
6172
10879
11495
5257
1763
7459
9618
4899
4824
11148
8786
3425
10317
1103
11771
2943
9735
12709
5888
13860
7509
9016
104
7369
1531
8893
8020
1511
12816
12728
6058
573
8460
9297
2083
4943
9314
3490
7532
6815
2243
4780
5403
3653
10512
2859
4186
27
6560
4388
5516
3020
10936
2619
10901
4249
3860
7618
12125
1041
11847
5806
178
8802
11908
1122
2361
9375
5130
5432
2570
9805
939
3095
4056
2695
825
5833
4297
12303
12189
6480
10073
4369
4647
7758
6776
13365
12625
1693
8522
379
10804
12053
2537
3010
8484
8927
5822
4523
10088
13595
4072
4139
13495
3678
8454
1381
339
219
2275
10694
9199
5598
6935
8638
8782
2919
8046
13129
3622
3883
7628
10718
3431
11639
7199
8689
5765
6488
5828
577
9868
8383
11432
3385
9860
5670
10330
13747
9600
10028
1688
299
2985
1221
5352
10303
7344
4606
795
4650
5392
4925
606
10292
3087
13502
5586
8010
11229
4453
967
8639
208
13896
1291
8531
4560
12044
7935
7861
6960
3080
6055
9836
12550
3291
8762
7003
8098
2490
2948
3584
9924
11526
10539
6399
5195
8907
4020
3435
3278
11444
3972
12372
1146
4933
8441
1706
404
5797
8274
847
10965
5410
9355
10254
8526
9275
7248
7768
5090
7877
10774
1786
13624
11360
6689
13307
13159
3318
3218
11477
1926
3001
691
3987
2416
2506
12771
9273
12205
7809
10746
14085
11640
10321
4656
9406
11346
9650
3877
12325
2487
2294
3470
2103
6927
4092
11932
10263
13033
8631
7545
13966
590
5333
5788
512
13330
4878
4217
4614
12781
11628
8429
8864
7399
992
6421
3392
10082
13430
9074
1690
9389
5232
209
8214
4188
3586
390
10641
10218
908
2241
7150
8657
12675
12298
10192
5951
12770
7560
7454
3930
6641
7848
999
11931
6947
2333
4219
6561
11047
8711
9813
6298
13077
8654
10765
1017
5120
12506
9492
3104
10053
2725
11020
1255
4643
1580
4835
12007
723
3495
5848
11102
12253
6471
9080
9485
692
8471
6434
5953
12690
10222
12292
445
8472
9628
718
1071
12220
7617
9846
7083
5705
3105
4246
12739
9011
13539
7198
1914
4787
308
8236
10308
1187
9113
11063
11850
960
2769
5478
12869
13960
1164
12882
3078
5044
10732
6393
7436
6951
4675
6750
10036
11048
4405
2483
1574
1662
12634
7195
1521
5042
13473
715
12369
9758
391
10193
2306
11734
12224
9909
12579
21
3796
10177
3280
13164
4543
2922
5166
12162
9220
10026
3015
3088
303
2739
2868
1281
11970
12543
8680
3862
6976
6612
3004
2576
4159
6573
12913
11659
1507
11411
250
8280
1824
4801
4417
2831
3118
5122
11689
954
10459
12519
1676
8445
7883
949
4936
1172
13630
6901
13274
10782
5569
6448
1182
5560
13357
8968
13170
8338
6069
10754
9487
5548
11856
1743
6874
8211
1928
1286
2834
5197
9196
8343
12101
1011
6648
11620
3075
8712
5795
12271
13945
5247
492
142
11475
8437
4440
8482
12762
1519
1694
11919
12508
5436
7667
12665
10101
13882
10699
1708
9845
13752
6180
524
835
10134
3355
4498
7460
406
10814
11536
12215
4910
1866
13234
6290
6412
7614
7786
5288
4441
11891
5011
4290
12931
13704
6127
2323
2167
1120
1955
8806
11345
6669
7605
3999
2719
5748
12478
8978
6086
4608
7916
7851
13479
7473
12165
12881
2641
11542
5201
7772
12031
4728
8917
6605
9713
12772
6852
4008
12209
10149
5830
12444
6886
3839
11725
10702
3335
4996
4419
4893
11453
14031
4258
254
779
3262
3761
885
9673
3780
11710
996
12939
4124
12622
5131
10501
10237
13512
2130
6548
10813
8037
3242
12160
8943
787
3817
12530
7099
4040
4677
6635
7140
3226
6418
11563
13440
10379
7132
3694
10048
10336
12535
6575
8891
4111
867
7142
10098
2895
9807
13602
1652
10801
12251
8850
3033
8072
2984
1277
2499
13127
9880
74
11754
13899
12715
6751
6894
13598
13486
1498
1867
13064
9012
8079
9319
4698
2796
9152
866
5937
4408
3472
12408
281
13632
5406
8552
12072
5963
12320
2274
300
3538
3188
1278
9378
5995
9778
2666
7182
3313
7269
8176
418
11573
12787
453
4448
11230
12463
6644
530
11571
10728
4380
2586
8642
9222
9109
7032
7361
4415
533
9034
5068
1587
4993
1726
9050
3346
8270
8115
11195
12056
5662
3306
9720
274
8394
6868
7178
1269
12066
3396
1036
9585
11399
9283
12659
13803
432
11484
12790
10312
11144
5842
3886
4175
2827
3814
3132
3297
13480
9701
2888
354
8953
6552
12172
2378
12524
11934
13371
11199
5550
9458
13555
7176
678
2098
2511
6592
10561
238
10305
9184
990
12174
2385
7095
10886
13968
5623
3177
8369
6220
10839
11368
118
13095
4129
3352
4668
5816
3066
1740
13328
11674
901
781
4420
12261
1577
10995
568
4653
13534
3274
11386
2211
1659
2731
58
11880
704
3062
11965
9782
4690
5576
10486
3926
6409
9996
12677
13898
9548
13163
470
13547
191
2166
1821
4833
826
12712
3516
12305
8136
12904
4389
11527
11259
13734
10557
8860
2218
6788
13206
6256
6528
6499
13498
2949
2599
11128
3672
255
6321
5005
5999
3528
12621
8959
2394
2289
9728
1584
8227
7204
3988
8695
3652
2281
4484
8884
11284
6378
13807
10779
4538
5675
7388
12684
10372
4547
6899
8204
4095
7584
8025
3279
8372
11347
9058
6799
4477
13810
11080
3721
7486
3681
5696
6486
4981
9247
4876
10682
502
8494
10043
2617
8060
12047
2210
12674
13427
12126
11759
10768
11197
7235
2126
11942
10731
5002
8178
4178
13611
2258
7463
6097
8146
3215
8056
5031
1820
140
9642
3828
1748
13093
10966
5508
362
1543
12355
3846
9401
11842
10670
9357
9529
599
13052
5948
8131
6662
10253
4134
10883
3850
6505
3334
8792
9668
6282
9296
6012
5317
11671
10075
13767
2564
9509
2951
5647
7322
9545
13645
9637
4148
4079
4483
10910
4772
9257
6222
6563
8196
3674
4044
2090
5291
3679
10524
5796
3466
7020
9977
10999
3090
3240
7669
7636
12700
2106
6741
3163
11150
10621
1384
13246
5954
4221
816
9896
2960
2355
11776
10665
3454
10871
3693
7536
2267
2583
1470
963
8894
4478
12157
9122
7
9412
6617
4066
45
2828
2923
11371
6681
13686
9719
2174
10954
8609
13858
6281
11634
3566
4838
6566
10517
3251
1589
11508
9313
12023
3293
12616
5171
310
2996
3782
10141
4201
12943
7089
8331
2393
6103
1448
13550
12521
8867
11950
13045
8357
4289
7475
2557
441
10790
1875
10923
3742
3351
5821
12264
7323
9032
12696
6049
8226
2918
13320
11876
14051
4286
5946
702
2003
2649
6789
5078
3353
4117
4588
11552
11340
2712
12479
12092
7489
10899
2410
6649
6668
3893
688
5037
3428
14103
9771
2588
3212
1951
9772
5704
617
10223
4086
9290
11188
5335
9995
9040
6003
6622
8811
2879
6101
737
12642
3405
3962
11598
8774
7897
6102
10074
2823
11854
3945
681
7215
9929
4451
3848
10240
6185
6798
6182
7668
13452
4885
7422
3542
6811
13911
13285
13043
11718
2439
13884
8983
8308
9442
11590
8734
8528
2069
8705
5702
8615
810
7853
7354
12032
528
4571
675
6197
6557
12777
12464
9361
412
5474
7754
9368
6454
7566
8566
8117
428
3856
3743
9051
13241
5482
1316
4041
5886
7223
6253
12489
9379
14
10271
2705
7302
13636
3919
10105
9904
8547
4778
5112
6248
5790
6267
3748
11851
4679
4271
10352
2855
5904
8461
5255
11691
9095
604
2507
13217
9573
13277
10976
13375
13576
4812
9543
1296
9671
11515
11531
4030
635
2154
850
4070
2873
3885
5315
8795
3940
10998
8069
8533
4410
879
5604
7327
5366
6205
12257
8693
3655
13166
26
12295
14050
6850
5107
570
6519
5966
3950
6740
3914
4027
3984
2082
11393
11
5465
2397
7585
6414
6359
6070
9797
1188
2257
8508
10556
5085
10969
10247
2740
9147
3849
10611
3434
1739
5771
11525
7603
985
12720
10040
2368
6832
7278
7746
679
1110
13614
2204
7698
14021
462
12920
3483
10079
8969
1656
6314
496
819
6223
9575
3496
13589
10435
4973
5975
11348
4880
4905
4972
110
55
2519
764
4017
10021
13200
10873
8855
11330
1065
1137
2764
8205
9559
10289
13027
1061
1829
12613
4818
11770
11277
7791
6292
164
13263
5129
11037
9455
5285
8019
10908
14019
5470
261
6017
7580
1714
12993
13567
7290
38
352
3868
5231
5634
6310
3479
6584
8498
5001
328
11039
11758
5887
12071
7850
523
2912
11621
11224
1760
6833
6570
4587
10444
11233
1288
6344
1604
11350
2785
7785
6782
4591
8989
5684
2728
4370
6660
10117
2479
8481
9445
12202
2938
6673
4328
6074
5990
6780
2450
622
7621
794
5734
3045
6586
12901
859
4222
910
8529
5831
12544
9815
14046
889
716
8548
10767
4699
1858
7712
7522
4944
2874
11440
6859
9167
7010
8222
2086
3763
3176
4976
4256
1458
10710
2655
1196
5679
13647
3553
6847
13463
7609
1168
13836
4398
7304
10534
13457
2137
4434
5281
10577
6297
6122
2343
8722
5048
7116
6081
13967
11238
1143
210
4394
11836
6007
2592
11053
12093
429
4501
8380
1159
6259
2004
5234
11596
2157
3648
10915
5161
1612
11692
12014
8225
3863
10340
8979
2510
851
12063
564
3230
10186
384
2793
8002
888
11201
11025
13537
12620
13165
10430
5213
11391
5053
4713
4942
811
5497
7592
4021
4916
772
1806
11627
10531
6227
5611
10536
9411
2988
4156
4590
3477
4874
263
12672
4385
6303
10838
1473
9394
11578
13986
9710
9556
4558
12233
6797
5863
11155
1289
12279
11122
13876
4999
9116
11519
1952
1031
13668
13840
9775
9873
13096
13032
777
7082
594
8574
13392
1506
4437
9
3268
7261
12608
3798
13616
7933
768
11172
1092
7263
9932
2579
12170
9285
2250
13119
870
7363
12595
11694
223
2706
4669
6125
802
10967
2081
1344
10176
3547
13853
6010
10039
11267
13370
6217
4306
4895
7968
6389
11632
3154
249
11870
5908
245
7193
583
9261
13437
708
4063
13321
11656
5639
12604
13227
5510
4383
6358
1333
1044
5730
12981
7971
8515
6664
2837
4116
8303
4242
538
11798
11524
7469
207
13631
11976
7155
3818
11898
7572
2674
2963
714
6410
3116
3487
3864
8140
1216
709
13223
2986
9574
8495
6397
9742
9476
11995
4268
1251
11974
993
13560
2648
1633
4752
11315
11381
9090
1666
8946
4927
2255
30
1372
1337
10286
13906
13833
11619
10344
6891
13578
2941
12666
703
7276
5756
5690
7555
8102
8980
4652
7484
3009
2801
4093
1087
2338
9516
8384
7069
11951
5793
10049
4746
6304
8504
3792
5033
3768
809
9160
11095
12139
5135
5551
9344
5274
11490
13800
1837
9474
1355
5194
6100
7409
1601
4603
2689
7202
11438
8915
4228
1018
12871
1733
7781
12158
11413
12001
13888
12263
7910
9690
6839
1698
2496
72
6228
5278
8556
13821
10470
10356
356
5313
8575
3769
161
1719
143
12906
12459
9037
5729
8822
10296
1336
8127
587
5688
11650
10056
13331
3149
2815
12168
9342
11550
10347
7759
12655
12173
7983
12336
2718
12599
3944
3980
1966
8732
11556
1618
10061
2178
11544
4934
1256
11467
10742
4259
2982
11541
8057
13694
8655
13216
12064
11113
13185
5680
10139
1449
11019
2405
11663
11500
10532
12994
6479
9306
12163
9885
11905
3738
9938
2935
6360
1524
4195
11085
5423
11998
4844
2543
5106
5785
6513
12471
11088
5108
3433
4114
9519
4745
1537
6537
10426
2979
4211
12288
7955
13659
2654
12194
67
3499
3682
7133
2826
7229
6213
7124
267
11774
3697
7287
480
8787
9020
1465
841
13570
10382
1275
4831
783
12660
516
8153
3482
8326
10953
10784
7988
5389
578
1482
5706
14066
9191
12799
4537
8435
12852
13063
130
7136
10051
5924
10191
3522
5311
2751
6885
1060
8377
11354
11715
47
12183
10535
6317
11045
6933
3540
9592
4514
316
7505
5568
11808
4144
10689
1240
9233
11763
8821
12381
1570
1609
1983
6384
12937
39
9125
4963
4
11430
11015
12104
8904
8803
3214
8886
5012
8592
9936
551
5520
13258
2535
3047
13415
6497
12703
10421
10130
7994
13629
2476
2953
1045
1042
8114
1525
8994
7286
3923
5276
11021
10926
10438
8503
5246
7415
1016
9718
8611
3605
5669
3845
13617
1737
11901
8919
9738
7339
4828
2860
4425
4404
6308
9453
2473
10083
13147
2877
1128
10984
11968
693
3731
9858
1948
6655
6909
9906
11975
13832
11921
10538
9235
5818
6971
5237
4744
8040
4332
6777
6313
10431
13364
5708
12541
13771
60
9284
4979
3841
670
3220
8392
2647
3758
11263
7387
828
2206
3040
3259
11647
4160
6530
1026
2161
456
3484
10634
8743
7014
5355
2587
815
11131
3086
7306
3867
8768
10429
11370
13363
10497
5340
10630
431
2896
6014
3446
12662
2829
3309
8433
11335
8502
3462
5242
11078
13377
2744
12765
12905
11661
2954
697
1705
6677
8276
11790
3755
10595
13933
5296
5192
12698
13475
3266
6694
5524
1293
12884
1093
5133
9554
11560
3589
8190
12462
12317
4688
7826
12592
11058
13066
6203
10412
14115
13801
8653
12073
6230
3455
9831
13081
3023
11223
3381
8478
12280
8684
11562
3507
3296
7231
9276
10325
8015
13869
1715
13122
11031
8228
6251
2701
11254
1019
3917
10020
4248
3539
8726
1241
1157
4707
2419
12975
12891
9263
4573
79
12221
10318
4528
13419
2663
7765
7453
3368
11603
5794
9590
12091
5566
10997
9640
3406
7518
3658
5987
876
12491
10489
12081
10221
580
3909
8367
10479
9348
283
2115
4853
7112
12635
3064
10441
4118
9260
6489
10236
7953
7713
6071
3675
10158
2247
12617
8758
13912
91
6863
1343
5839
9475
12518
2784
3250
8346
416
9006
3998
2818
7623
4198
7068
1032
4982
2360
8859
8996
6506
13057
4967
342
5308
3092
9127
7305
9377
10719
3189
9629
10144
3824
3139
11492
12211
10892
3802
11355
5016
10338
12354
12086
1565
994
4023
8563
5193
14055
2931
2521
3159
6796
6983
126
11268
10358
5286
10554
9829
3623
12027
6271
13455
151
2322
887
7027
7811
7690
10384
4078
7180
4708
4026
7203
12229
6044
5378
10456
9586
13682
11693
2864
12761
5993
3744
518
626
1863
6379
13276
11612
1056
9715
12785
12483
10138
8130
2185
7780
6315
6745
981
5871
3513
4181
3488
389
9990
6736
13303
12900
5226
1243
9605
12406
1334
2503
6598
3875
6279
10940
10983
8047
6052
5368
11861
13642
5515
5380
10994
10334
13260
6828
96
440
8793
9530
13980
13723
6942
14049
11518
5304
9450
12118
672
2337
5209
12122
11610
12591
13483
3383
194
2802
5620
3664
14114
5583
11645
1805
10213
576
1437
4545
467
5885
11566
5367
2321
659
13788
5185
8200
7439
796
12034
13230
5845
1879
9601
6867
5817
8629
7071
1752
8937
6690
381
10377
10135
6929
12500
8612
10618
6729
5160
8748
6695
1550
12190
2261
5805
1451
10178
12574
4225
12197
6595
7185
11667
8591
11660
6221
11099
656
14060
369
13745
8562
948
9071
11957
13872
12386
6728
9750
13703
6498
5898
9564
11379
9324
11420
7607
12180
8315
5802
2237
2118
9335
10713
12661
11426
1476
481
7349
10122
5444
4771
5177
13871
2471
6260
3558
2329
10614
8174
5407
11506
6008
2315
6450
10103
13474
13245
2316
11717
10148
8870
665
10836
4167
4984
6270
2310
12443
11046
12358
3815
7778
6726
14113
6693
6849
12757
7743
7172
8355
8059
4947
5041
12414
12488
13676
6201
5178
10601
3398
3135
10818
5518
8157
13981
10189
7596
2207
2616
9910
6073
11013
6813
1023
3471
3934
2767
1771
5875
2551
896
13680
9156
9692
13678
7158
5763
10850
8571
1208
3236
3399
8951
8121
12079
8297
13926
545
5264
11981
13231
9796
6696
8067
13349
6154
1852
677
9547
13513
6237
8090
6048
11043
12297
10584
7752
4810
239
4506
2303
13308
8038
10569
5932
6179
5719
11602
2169
1716
2853
7947
4592
6171
7395
9925
13944
3340
3866
953
8489
13255
9511
8677
8646
10257
3301
9942
1250
11324
12798
2373
11119
11824
9854
12951
7329
4867
8425
8675
4269
13386
11504
2795
13916
5121
13351
10776
5238
4346
5221
12714
10587
3512
10904
8871
4605
8751
8405
13431
12106
13505
12669
9777
1649
6883
3126
11636
6543
3832
7562
10872
7624
13278
4162
9473
13384
10057
4110
1592
2999
829
1617
6872
13089
5972
8388
11512
197
4481
2613
170
5605
3530
14111
13959
2414
12733
149
2714
4005
7490
1456
6289
11740
9699
7501
9101
2734
12580
995
6999
6324
893
9905
11246
10750
11585
9565
6022
421
7565
3582
10565
3861
4229
9250
13350
13561
7386
2131
7677
14097
477
2371
9571
798
6430
1341
3183
5986
10027
2983
2230
4950
9237
884
7324
9388
6224
7540
12203
4502
9723
9532
1057
1325
4869
5476
2940
9135
4734
1797
2443
2253
11302
4747
6023
5787
7620
10533
11713
10962
2528
8364
2854
10351
4470
3160
6611
11117
12385
6465
4758
4613
11168
1731
6642
14084
4366
9138
476
4797
4007
8567
5983
1213
13402
5595
5319
11862
4352
12885
6134
7450
11373
7732
5205
7728
6186
669
10093
7391
9447
386
7900
4055
3720
10562
8924
3002
12565
3377
8650
10205
6509
2270
10860
12977
3603
638
5962
3712
2
12074
3938
13252
7561
10992
3650
2478
95
1934
1046
12911
1658
5076
8766
4719
3825
13910
560
2773
6545
13038
633
11765
12212
5800
1012
8321
3480
1440
9687
13610
9884
902
1191
8554
3989
1579
6353
9105
9608
11835
1183
6013
11927
868
5847
9790
13254
13024
11756
12886
8064
5266
572
7174
2370
11449
6609
9229
12769
13068
7832
12119
3559
6142
11941
5513
4460
13685
13025
7274
6571
12003
11581
9081
5683
12128
84
4043
3811
4642
12025
8327
11733
10398
1090
7875
4732
10310
12788
4127
13822
13065
7416
417
3422
8491
6087
1142
13809
2852
109
12226
6604
6198
5980
2398
7019
11827
12750
10058
2571
3147
1297
728
9048
5336
4212
1446
12861
2597
9009
3819
2688
8962
4287
8940
7663
13356
5481
6426
216
13563
11672
10341
4743
9197
6440
1713
2146
2149
6491
3008
222
1582
11918
459
5498
1692
7771
11584
13426
4761
2001
6347
474
4418
600
5379
9632
4087
324
4655
6155
7237
11029
8587
5711
12534
13028
6986
225
2664
12311
10491
466
3666
9886
8810
358
4666
13760
861
7400
8518
12421
3022
12188
3461
6908
9824
4350
6864
1616
8540
12736
10462
8184
9946
2816
4014
1834
8796
10113
11377
1342
11675
13325
5844
9112
3127
8340
10943
8449
8033
13459
5927
12084
758
206
7284
12862
5522
4058
3025
6381
9894
5409
4705
7220
13857
6621
6523
10716
12827
10146
9426
10868
11616
5305
6006
9467
1717
8647
1201
5275
3649
8282
4886
6136
6090
3100
13410
944
10090
11922
6824
12744
5397
13275
2585
3362
8825
12522
13454
13579
13749
1869
1516
10704
5581
10439
4568
5139
8851
3452
6280
8091
4786
9531
7217
10863
13088
13312
10846
10729
10939
8246
10127
9607
9431
12582
8323
2018
8903
1083
7582
9336
9685
12822
6915
10640
9643
13007
3961
10545
13581
7410
3751
13061
11273
4658
12085
10758
8757
13439
13289
7414
5310
6679
7608
8192
5572
4887
12050
152
509
4926
8062
2939
11359
531
1276
10498
6169
4038
11000
4340
13021
10973
5174
6411
10816
4133
3269
4665
4873
13982
11793
7280
1185
5070
4450
8948
9408
7629
8801
8560
11558
8487
2684
13666
458
12204
682
20
12767
241
1808
1455
11772
13029
4495
3826
3327
3016
8042
4819
3831
11979
5128
12577
7393
13628
9520
7224
12412
427
10350
13870
9234
597
5698
12559
11785
2109
8841
1468
7893
3784
8704
7653
4456
2753
11018
6199
2626
6937
4046
7432
2372
8248
8572
8869
7451
3148
408
9641
498
6431
8527
4548
8906
4257
7123
4563
6194
8424
3185
6376
7671
12144
1209
2110
13501
695
1558
4029
10905
2376
11920
14044
11361
14026
5359
933
1349
11833
4579
4064
1424
11291
1038
11604
9874
9460
10410
9890
7111
12691
13930
10401
2249
12195
2284
3882
5853
8846
4727
13763
3659
5348
10315
6525
13477
1200
8022
7731
957
5745
8333
8596
13552
10460
3275
1034
5115
13837
618
10089
1761
5836
745
11032
6707
4693
1686
1941
9405
9236
2757
6778
7864
11108
3302
6930
7164
3119
11454
6258
7645
8820
4868
8447
2395
894
3300
2502
8118
5509
8163
701
4991
13633
10596
8351
12067
5196
13161
840
1112
9558
3854
4616
535
4436
6104
586
3024
10845
3871
4387
5841
1505
7500
6283
5188
4983
13143
2584
707
13391
6742
2882
11953
2582
8900
3953
13541
5176
11110
7033
1481
7066
5256
5021
3545
6365
10800
10258
13409
757
9736
6212
2959
4575
13604
7992
2766
10819
5427
9486
247
5241
11406
4032
11035
8790
5353
8029
8941
4231
11649
13756
4395
4626
1699
12789
6779
8387
7818
13889
14052
10645
76
5872
7060
6301
8721
3099
9457
5425
608
4071
8237
8339
5799
6115
3760
2682
9769
5958
5676
10230
24
13679
12111
3813
7078
10747
7855
3501
1538
6346
11339
1420
8964
11611
5880
11418
9349
5632
9193
9517
2114
6719
473
12258
11476
9526
7750
7000
7979
2309
5484
14073
11118
10255
4036
9853
167
7662
11066
11356
4879
8882
2305
10025
9972
11690
5167
11222
527
4084
13613
13339
10777
10400
13056
6263
8483
4599
2580
8379
9345
3247
6168
1478
12120
13103
4691
4491
11030
973
10781
11486
13446
1464
348
7028
11723
4788
10003
5074
9079
2745
13564
11491
6457
2465
10812
11744
3074
13287
9823
12290
6954
10542
4503
9787
3344
12429
2946
4356
2809
10262
5603
1560
8132
1751
13607
13600
5029
2961
8194
9021
10520
7183
332
11625
4094
12333
9366
3410
5673
4969
10124
12874
10770
4120
13490
5439
7194
13572
10803
5997
337
8450
3107
2159
13294
7494
7039
6391
12892
11928
6164
4057
8218
922
11982
11353
3514
11513
11673
4348
9400
4037
6072
13449
13516
5854
7700
13083
2866
8084
9097
13862
9308
9847
2925
7655
10831
6878
2319
2962
10843
5302
186
13648
13639
5208
3115
278
7351
5991
10705
6112
3599
13189
8788
3686
2139
4694
7604
8863
2415
5356
9382
9759
9930
6559
10778
8145
13272
7892
10649
4863
1195
6051
12486
11244
2885
2097
7297
8828
9579
4409
3061
2392
9318
4097
6316
8929
13435
13026
3968
4534
8500
1115
5914
3759
5918
1207
13726
5272
9241
1578
684
2729
8727
10610
1961
3548
12980
1682
119
3331
12854
8930
9652
4252
11577
11906
9310
12433
11666
4595
8986
2980
3493
8723
2867
370
8476
8477
10820
13184
2386
6462
4738
7833
6138
8839
12976
12250
9780
9327
11375
7633
6795
8017
9800
3939
8457
13037
5961
9889
8320
6938
2517
1210
321
3606
7075
7879
8147
4359
9346
13050
4989
11250
12234
648
12301
10371
6469
10366
1489
11680
1755
3424
10345
11936
5677
4304
10054
10467
5952
11281
5691
12255
4793
11705
1364
1900
10916
12198
8101
1791
7940
8448
3979
4277
11247
4715
12252
7483
9491
12710
11844
955
784
8961
9078
5138
1679
2341
8207
8710
3583
12010
3134
3141
10553
5245
5906
12601
7079
4263
12314
1184
7703
6466
13176
326
3055
12495
9914
12699
13456
667
4378
11266
6106
3833
1822
2134
6338
6656
7594
3753
6500
8798
10890
5350
5907
13450
4632
6721
9655
1386
13387
2845
10909
13253
13515
10583
5970
9976
8848
6240
11301
11709
3243
13125
1529
5067
13310
3162
12041
6526
2190
8840
9462
4334
13481
13101
12924
3286
1003
387
3630
10055
6920
10423
7345
7696
2449
7899
1220
3724
5104
6056
1683
13417
12844
12919
5892
302
1102
8735
2367
12743
10395
13091
12368
2622
5923
13291
2494
49
2544
5358
13615
11914
12637
13108
9872
10805
10386
3717
3918
4717
454
5935
8620
10650
7159
4660
5789
4321
9383
12124
1097
1219
10764
3869
7072
6287
3031
10708
10874
12817
5114
10268
4767
13136
10582
10647
9504
10894
6705
11111
5393
13829
12545
5829
11574
3844
6067
3691
12454
5449
6211
12716
1841
2679
12575
9022
10196
7650
12745
9451
273
13879
11342
565
13280
4121
279
2788
4163
9505
13004
10023
624
969
419
7921
13132
12455
4729
2104
6367
734
515
12586
12364
12017
6527
3931
4000
1496
4822
2162
8352
6703
2771
10852
8703
11258
1310
6250
12842
10111
9527
13985
4553
5091
392
11944
9677
3213
10034
12434
9439
966
4355
2177
10848
8341
12517
10188
1485
11537
6987
1287
3367
181
651
11688
11890
8034
2610
4106
12077
2604
6296
5811
12498
13503
12845
385
7482
3561
6579
12445
10399
8154
12360
6876
12458
4821
3974
2135
9067
2462
4193
3976
6907
9957
11132
11007
11460
5766
1417
11857
6208
7625
426
3645
3551
9512
7474
1237
3510
9230
11463
7271
4858
1980
4823
5471
262
13961
8709
13754
28
12805
10681
10128
6950
4447
1136
11896
1367
7023
2508
5883
13153
11859
8065
13228
6646
4620
6373
8559
13667
4109
1264
2264
275
6767
11882
6737
1074
5807
12984
8750
9633
7686
12826
12387
12570
14089
7144
4358
4756
12392
5190
10293
1734
10332
4964
7986
8971
1089
13743
1619
13376
311
9877
7591
9612
2191
11865
9367
808
3282
1985
11684
8687
3749
422
4091
13627
1350
9325
7649
11849
4047
4088
1527
9420
9098
722
3910
7813
4802
5984
3595
9638
3439
2428
8052
11978
6524
10706
4184
9430
2262
5295
9108
4781
4741
8833
13542
8912
5495
6730
8210
1033
900
3330
260
2181
10629
6880
9706
7448
3322
265
9599
13418
10749
4670
5051
248
4966
8432
8416
8381
10251
173
12749
6837
5066
10280
9922
5290
3339
7922
12460
8133
7308
9694
11174
3319
5856
8764
10300
4361
4648
12840
11967
9398
10388
853
1230
3143
7085
905
11750
5486
1668
13070
7232
2716
2348
7794
6826
7725
6160
11278
10564
4644
1738
11051
1435
4525
7295
11405
1730
10225
4309
11466
5659
8579
4170
1728
4208
5665
482
9159
13731
6539
12218
1215
2354
11409
13695
5373
10046
3657
10474
5414
733
6261
4852
2039
2908
8582
10294
7981
3222
4776
6407
12332
10697
12148
10216
9945
13215
2288
13554
610
5279
8769
12150
12740
10445
2869
8598
13722
6031
3464
10013
12801
9399
11762
9934
3564
11731
3321
2458
10991
3407
5808
7970
5118
9190
11821
11626
11564
2455
7252
7030
13643
4288
12927
3348
8551
7652
3509
6844
4147
3460
13921
1285
1947
11421
4960
13140
13669
10988
5950
166
5582
1307
8791
4462
10443
1453
3872
1509
3121
8775
7394
10500
956
9506
13022
7244
6936
8823
12872
11719
12824
8889
13984
5137
138
13671
7336
4598
13698
4992
2265
12114
393
1501
8807
3071
563
3468
10654
5724
12294
7675
14022
3199
12746
833
7188
11949
12594
7701
1163
11586
5165
6099
12062
2516
5332
11192
9970
6129
6688
5777
6657
12329
7569
13179
6547
8569
13023
1487
7424
8374
12324
7390
2390
3750
8858
243
10927
11422
12738
5911
8845
7863
7262
561
2749
13318
13018
1932
12105
7241
11799
8818
5868
6512
97
6856
4628
761
11579
484
3241
11308
4875
2365
9484
13684
6453
7980
7927
3255
10772
2883
5893
7820
340
12855
12910
7403
1129
5203
5630
9917
13762
11830
11306
5098
10001
5369
9425
11044
5837
5889
6821
6623
375
13909
4428
5429
350
10599
4412
6759
5650
792
6004
12542
314
5447
6045
650
3281
1989
11615
997
5187
9762
3365
6059
7744
9730
10712
8742
7063
4841
7550
2926
7365
7046
3580
7658
10264
8016
3085
9507
6671
7815
9737
6993
11493
844
13951
6153
3852
6392
6306
11434
5157
1681
731
8794
1443
8423
7707
258
2423
14032
5732
6355
10949
9103
1599
3531
10483
5947
2362
5849
8382
11888
5163
7059
3808
9356
10835
14074
5700
13226
1535
13656
4581
7239
1503
10572
8779
11060
1702
3714
463
9739
13485
10493
644
9937
8257
9483
1515
8505
883
8849
7468
3572
8485
9309
4580
11746
773
5703
13970
5695
645
108
4709
11929
1300
3039
4576
2704
7964
9983
7579
11520
7711
13256
12997
7905
7827
814
12186
6943
13343
3732
8843
3519
4515
3146
12060
10080
10278
7697
2631
11925
2363
13311
13197
3419
8398
6284
1015
9347
7260
11720
13002
14029
12526
9973
10249
2108
135
7537
609
7087
943
3996
791
12213
11160
4199
10711
4646
8719
11502
13925
13
806
4320
11846
7876
10658
12191
8784
986
9224
1842
2215
461
10337
11388
1646
2643
2998
9201
7303
9863
10806
6990
11059
3094
12737
146
10937
9892
4132
8003
1298
5375
786
12830
10573
11825
7325
8359
6494
9974
5694
12470
4649
770
5252
6747
10559
3196
2095
353
1622
6268
12995
7577
8224
2448
1231
1723
6743
8415
7340
2596
2116
2856
4028
5419
2994
10076
2717
1674
4338
8440
3579
12783
11120
5401
13941
9881
7077
7470
13721
444
12729
13573
10593
881
12382
9471
13742
5415
1815
9757
5646
5069
12832
2183
9328
10206
1862
488
1512
10757
11152
12986
4422
12866
751
1651
6001
330
2447
4324
4326
12751
9645
10931
7878
7749
1591
7547
7831
6904
7222
11800
11546
5658
3414
13514
12169
2621
8289
4096
12397
4396
9503
5742
7035
8965
5119
13940
903
10131
8981
12291
10700
5473
10837
4164
4907
2970
11588
13076
7806
12813
8249
4805
2842
5933
7775
6241
1284
12849
8311
11597
6396
3646
2474
11202
4735
13493
14079
6979
12102
11911
5424
11269
5381
10701
6532
6345
2184
9514
3587
720
4923
4881
155
12123
3292
817
1855
3442
6968
7341
10911
13673
2944
8737
7430
10415
12571
1657
172
4255
1860
8396
2380
11398
7285
5314
13709
4431
762
4774
13382
12472
13646
7936
8854
5870
10511
12863
8370
8124
12019
11638
8902
7773
12356
803
4721
6357
11220
1904
1598
12896
1547
13827
690
5867
2835
10606
1290
6429
7355
4536
5523
4305
7165
7242
6596
3544
9561
9243
5668
6312
11648
5922
7134
10072
3412
7834
6794
5594
6091
5782
2916
1233
201
13322
12890
10038
13388
13012
4751
9304
8736
5601
9292
8468
2203
12946
4511
7270
10274
6124
2529
6984
10751
6640
9173
2569
13005
13151
5618
4604
6902
7016
6151
3284
5283
593
12671
13390
11887
2402
7100
4661
3705
4061
7842
9225
2993
2735
9151
11171
266
9726
1202
1292
5815
3775
12758
12309
5687
625
102
11317
730
9002
8183
180
821
11395
4307
6962
4755
89
2720
7926
4052
603
3991
8078
13338
3786
12707
14039
3911
7129
5944
4607
12466
8724
12879
11600
8375
8488
9086
115
13462
5840
87
5152
3907
3851
5750
13378
3823
7036
13904
7372
10506
1850
3256
5394
12427
8663
3129
13518
13875
11240
83
10212
10469
7311
12417
6835
9903
4353
2269
3379
3030
7197
6157
12373
13740
3036
9709
7882
8644
13059
4482
13634
5616
3620
12141
1678
11101
7808
8634
9688
9964
5780
12046
12602
1613
8401
11583
4544
4673
1518
13812
13218
1810
699
1445
2495
9413
2904
8283
12353
7918
13120
9717
10016
1779
5869
12435
4103
5629
13651
129
11726
13620
3683
7745
1467
10496
8760
12452
10343
2404
2101
2327
5728
7902
5589
5661
11971
13520
13949
9670
652
9617
3285
2498
10924
726
8690
10617
9271
2272
5941
8905
100
12516
3489
10059
7018
4251
6851
5996
7906
1315
11260
12423
8139
3567
10359
12042
11437
486
6945
1567
11321
5222
13538
7371
5928
7396
11810
11736
3977
10727
6769
11837
8984
5804
13104
1946
2387
3593
7576
2522
5879
13190
8129
10226
8473
4102
8853
8458
10360
7294
5507
2523
5588
9115
9363
7525
8624
10515
8195
3481
3700
13171
6309
6809
1067
5155
12239
4589
4596
946
7610
3807
5916
13637
5640
7637
4165
5446
2770
10109
11435
13851
4914
5506
1677
9429
2754
5211
8868
8112
5547
8212
232
1621
8773
11685
11727
2806
8231
8926
7421
13172
7825
4295
10291
4172
11187
8632
3573
8336
8506
5413
8329
3997
11707
5574
12865
13019
13635
3662
13524
8332
596
13243
7626
805
11617
2665
3536
4685
738
9581
9594
627
11485
8776
10418
10106
9832
6823
10077
8616
9311
13674
9711
10476
9926
5939
7282
3153
3320
9410
875
4990
3005
1418
7246
483
10270
2781
7705
9781
12241
5934
7643
7789
6569
2283
3840
6808
8009
13297
9264
9179
4045
4142
3267
6913
13267
579
9918
4817
1954
8216
12378
269
1603
4645
9094
3057
13271
205
4531
6146
11923
4473
4429
13774
9678
7688
1650
3390
6149
8408
9140
13766
2913
10855
9189
1249
1426
7924
12217
1323
9265
8524
7632
8879
6846
5666
11752
8973
13741
5610
9553
3718
12802
10367
8633
8356
2308
7854
4811
2064
4849
13466
2119
10129
3521
5088
9065
6089
8368
9031
4196
4031
9027
6735
7191
1672
5982
8808
2930
12350
12094
6540
3449
3812
2121
4919
11121
4446
10261
8669
1981
4234
8517
6928
8938
4073
1712
12509
1785
8203
2176
6687
892
6477
2687
5321
374
6128
5328
5648
9806
6912
2436
4583
12573
13856
1632
4913
11840
5099
6706
124
11960
53
3670
9891
10624
4577
9707
3019
12456
666
5361
11158
7413
1024
10275
4803
12839
13373
9747
2222
2652
2122
4152
9362
11609
12327
3068
4104
9186
10917
9784
8404
3485
11006
2715
6533
12359
4918
8536
12030
1360
5189
1514
2357
4888
5672
12410
1976
2089
8317
7709
6997
11687
7138
9826
2832
3713
4622
7277
1684
9228
12475
11362
231
183
2556
2630
2947
7598
11455
9131
10847
4377
10452
9317
10833
9542
5022
5200
4870
10110
3326
4509
9254
13086
2566
11569
8847
10543
5199
6404
8519
1304
2497
10320
1340
3370
1214
11884
5901
12945
6000
5225
3178
12200
9786
3799
12418
525
13210
6686
2153
4074
9967
9763
226
4676
8512
8610
3409
14117
9438
13569
12850
5977
2656
3246
12147
6827
13279
3120
7152
5813
7928
5273
12015
5251
4281
11809
4505
10591
11748
6243
3145
8452
9281
3006
13067
5027
8988
10024
4235
3228
5855
3805
1229
6848
8128
7273
8899
9176
3290
1825
8054
11952
8836
12040
9733
11194
14090
8585
10447
5910
11181
1561
13847
464
11893
6568
9501
5671
12166
5557
5175
360
9299
3032
13895
12511
4214
3774
1008
6184
7871
9603
6025
9371
9980
11567
2509
13286
8832
1996
4311
1013
8812
8348
1144
7380
13958
5682
8208
3056
10714
8254
8972
10783
7884
10015
740
6684
11724
6371
9423
10773
6508
9630
9869
12756
132
11792
11004
9716
7166
8345
3912
13283
12623
13319
4034
11548
9381
2858
5220
5349
6624
3520
8021
12185
5475
4883
11305
10934
7990
14110
10664
34
12089
11396
886
2871
1204
10037
10068
11261
10182
12507
7002
10184
11456
6892
13238
3829
1434
5697
3164
12409
12818
756
1491
12473
9631
1118
13662
9923
341
2624
10375
6685
11845
12897
6627
12829
244
4169
4724
8053
9686
1282
10811
13621
6083
6787
12649
4157
3685
7925
6114
2659
7074
7943
1906
2123
2186
9200
2722
642
9175
11104
11679
2756
505
6273
6739
4423
6587
4475
10424
13724
8004
6098
4859
1161
13383
611
5499
3770
3397
11014
8605
8273
159
116
5689
8739
12383
3114
8299
4621
3601
7037
13964
343
10199
4274
1590
5936
12011
5000
6760
9591
99
12922
7830
8636
7041
11129
3524
2733
2775
12013
13367
1247
8158
12374
11279
12540
1508
9206
2520
5779
4430
6042
10574
7510
11292
7128
10326
2760
9634
9490
5441
5775
1938
13219
13199
8306
9232
11977
5501
11708
7411
7243
8626
12932
7326
6830
3097
7724
10585
11894
12880
13839
6415
6374
5457
9648
4829
1107
4692
7289
13035
14059
7404
775
10362
8963
9145
4085
6476
12735
4949
2790
12990
5571
10266
9004
9107
7353
13776
7346
13078
6145
366
7824
6060
2540
88
13500
8202
9855
855
13046
2271
112
11133
5186
10745
9662
13261
14067
8865
5860
9463
11555
12598
5722
7147
9013
7433
12
7097
13306
4769
10137
1147
1735
9146
9679
12012
959
3374
991
7527
5019
12568
12562
4726
10472
753
8966
2533
5268
10381
769
10530
13720
7929
13974
1431
3150
1530
10316
6206
9768
8104
10108
11775
7300
2276
9541
10157
1757
1471
4454
7067
7101
11349
50
9358
4325
8824
5762
8235
9646
11909
3048
11166
3933
2750
2252
10070
4680
12588
5485
8092
6356
13894
13976
3594
5546
10214
6862
7595
11331
11704
297
7838
7666
1623
3616
11363
5631
1695
5061
8543
4083
13650
8390
1544
1563
12673
9555
7163
32
8594
3757
7868
2846
3276
7255
1244
9482
571
10613
10795
1696
12942
8756
5859
13815
3785
1059
10717
13484
2300
4205
10329
11334
1868
10744
11606
10084
1721
2669
160
5384
7729
12267
1624
13399
12315
1356
8373
14023
13326
8826
9374
12357
3117
230
4924
13868
1076
837
6724
120
5921
4435
6231
3955
5
7777
10722
9350
6534
1667
9488
2562
4851
727
9120
10481
11274
8897
6785
7227
6043
1597
11327
5396
4090
4790
7638
10241
6748
8530
6442
10567
202
8955
1762
13727
8696
7619
4935
4654
8051
13790
7447
8619
5324
8463
5395
11554
2432
7763
2010
8921
2825
2658
710
13233
6364
5383
12708
4710
5778
13764
4042
7639
3041
8772
8201
6041
8006
1523
294
13476
676
6233
8492
5726
12401
4958
12843
12199
942
9043
8288
12656
8660
1575
3870
13353
5681
8393
5420
12143
145
797
11001
8607
6252
5318
2844
11517
1218
7189
8780
4956
13472
11699
8876
10394
10335
3779
3171
4004
7347
7435
9029
301
1675
52
11963
9987
5437
11681
6973
8255
11743
10477
12389
409
235
8603
10961
8568
4753
10889
4291
9839
6991
9840
7974
7931
345
1441
2314
8325
9766
8143
5866
3494
13105
5994
10760
7755
4413
1637
1382
7292
6931
4486
10932
46
7526
5462
11728
1082
3707
9343
12643
5065
13929
4908
2574
6875
4220
6980
4013
3843
6380
2311
9046
529
10145
9714
8162
1709
972
839
7026
4696
293
3981
13835
8247
2690
12300
13732
7110
7673
10041
2408
12619
10870
10516
2911
1141
519
3359
12461
221
10693
2198
5500
10402
7214
5334
4373
7279
1130
11383
4928
1576
6275
6955
9302
4233
8621
7704
4191
9136
12016
3271
12774
10209
5344
4351
2942
5149
550
2881
2418
8253
8507
1725
2481
537
8275
6196
11374
3920
10488
3971
10018
1541
4561
6855
5791
13269
7563
5151
3771
9246
7127
68
8781
9513
9596
307
3905
11165
7622
2615
9203
6395
10607
2527
2763
4906
4754
6029
4939
12467
10050
10328
3227
1480
13000
10842
12365
10361
1636
2777
9339
7814
10284
6444
8337
1645
2847
6838
2202
6496
11384
8172
10667
13866
2459
9014
10829
6278
9570
11721
12597
13478
8576
7529
2427
4556
2312
9724
3369
3382
8682
1438
12555
558
8230
13348
4335
12349
6998
8998
9434
4033
4468
6564
2928
4862
12941
639
6181
7634
11767
951
12928
13071
3772
5236
13329
4773
1691
13107
1190
11910
6054
12437
895
10290
3194
10612
11142
831
7810
12988
3711
2709
371
5974
5411
13090
10405
12145
4250
12907
12987
4890
8599
469
6637
12815
14105
4375
12375
8182
9144
13281
12363
8030
2547
6116
1153
12944
78
1232
3456
510
4176
12130
9385
2981
12249
12991
964
2246
9838
8244
10433
451
11841
11290
975
10993
9205
10929
6246
6857
5738
4957
9675
123
8920
591
1177
3557
2290
6464
1000
10957
10283
6538
12419
1831
12070
5971
5191
8985
13031
1029
2686
13697
862
3109
9619
6626
331
3447
493
287
7508
9274
4322
7233
12131
2409
3012
925
13317
13623
5699
3463
12711
4308
11801
10918
3627
4218
357
1002
542
5455
780
10342
9998
2772
4847
11916
10403
3238
3073
8715
13487
4750
9082
2128
9661
9003
368
11138
6015
13890
13008
1893
3527
10900
12925
3903
4318
3152
8928
8697
4961
6654
9419
5602
6762
6249
13053
4686
465
2399
9850
11175
8544
9773
5426
9494
1781
9068
9580
6638
7679
8480
13058
11248
909
13471
12265
9025
9862
2702
4965
6791
8285
3913
5621
7657
2758
8873
11614
4362
4998
12184
4706
13465
13543
7966
5725
5467
4392
9226
2299
854
4158
3180
1335
9042
6650
13214
16
5057
2513
322
5754
5964
2318
10684
9916
12618
11557
11811
2810
2558
3626
3506
2603
12176
12407
7008
4010
637
10132
7959
736
6057
5496
3660
5897
14033
5667
6140
7954
9898
7316
12775
13123
2242
11988
7098
12819
22
3123
6226
2910
11768
13250
11745
2861
2676
12539
5103
9380
6474
7119
7441
2164
6349
187
7812
1063
3360
8082
9749
6985
12527
2518
9828
11742
9928
6495
12254
13952
5303
9180
3876
10560
11834
6191
8334
1253
12650
8778
10276
13335
2700
13588
9861
12658
4877
13842
6354
14077
5116
4452
410
3142
12306
13558
449
1744
2526
6790
1174
6975
11226
10468
13504
455
6234
12247
13769
9072
12693
7730
14093
7296
7251
5606
6133
292
3874
10346
4025
11637
12022
8952
7457
12786
9365
3673
10589
6734
11838
11012
5376
11285
7829
668
2765
12223
913
9188
13828
6897
5399
1105
2467
1001
11017
5388
7699
7568
547
917
103
6518
13433
838
5307
9252
12391
5144
5327
8694
7187
1614
4457
2839
1809
553
13167
1917
176
5254
5617
1378
10333
7495
8256
2691
12289
438
11295
12878
11575
11425
117
9060
9251
13920
11465
8628
6162
5248
1626
7991
10287
4275
5357
12441
12647
6606
782
10963
2653
9280
12935
93
5960
4343
4224
1162
6285
11822
10635
9755
13693
3529
10691
5619
2952
9593
8197
2334
1132
936
643
13887
2667
10081
614
11303
2937
8608
13309
5919
11505
9272
4213
10208
3546
13180
2614
6934
2791
3304
13239
987
774
11010
9702
2737
628
3766
9982
1070
12609
2263
6911
11319
5591
2100
10692
4527
9089
8103
10437
10513
12377
10461
7531
1053
3404
114
2568
12734
1510
3427
998
98
8635
7313
2196
3408
8001
1318
4871
3234
6295
13922
6077
5814
10735
11412
3053
4720
12731
5896
2374
7389
10434
12704
6720
4240
3565
5466
10370
12319
3294
6502
10571
312
8120
9933
1830
4349
3635
9428
631
12272
13251
11241
10646
6400
3515
7149
8918
5052
71
6117
5564
4842
9052
12415
4522
8857
2422
13137
11631
2821
5440
8353
3375
11124
4329
10353
9664
1685
10715
3820
6460
11633
2313
6311
7438
7465
10385
3600
11696
8088
5998
4825
8414
1444
8977
6873
10683
12090
4659
5713
10935
10623
2433
92
7520
12404
9882
8286
9584
6773
4593
2259
4513
7045
7013
11630
7631
12440
5894
3754
6468
9039
11700
137
5899
3249
983
4194
5102
3403
12670
8783
6247
9353
5938
556
5827
10030
10235
13497
13117
8238
3429
10743
674
4166
2678
11947
12989
10
9278
3958
1993
5240
5183
11735
1655
11969
3358
4267
2330
13577
10118
7487
5755
8417
5150
11462
12293
5156
1987
217
12312
291
9397
10987
1647
14082
3289
9239
8493
11668
8499
9106
7102
1759
4179
1671
12338
7920
6699
11747
6288
12021
13919
6156
121
8550
8511
6653
9364
11572
43
8637
13075
8111
9939
14061
2525
13069
361
11839
4077
1600
7977
10526
6814
4970
7961
8910
9856
3684
11137
11866
7519
8094
1150
11926
158
3982
4856
4278
522
13191
10095
1205
7121
12379
7852
215
13965
5105
319
6766
5298
8149
10527
4777
7442
6629
12129
10383
12339
7676
85
2421
9644
7691
13420
6276
3708
5153
1432
2165
6475
9522
7890
11996
13135
12033
9663
4623
1477
5752
6577
11863
10622
9305
6039
1528
3518
6754
790
12983
12747
107
5227
13040
6806
11164
2268
10869
8546
2759
10666
13393
12596
10363
4053
3900
9312
3956
6608
3
7506
35
3172
6597
5341
2914
3916
7025
1703
2752
8188
6599
9148
12548
2567
5774
12098
1099
4204
1661
10632
8593
8934
8242
7043
3257
12403
9981
12908
3574
11496
12956
2266
1638
9653
7630
7272
1014
2457
1224
1495
2411
3237
11198
13482
10604
8520
7969
364
2836
2945
11594
7985
9572
11410
13334
9613
8170
11382
1100
10126
5985
13359
12270
7659
10397
7664
13447
4552
2711
11140
5018
8080
1823
4239
2956
1328
6900
8883
12505
9761
7551
7156
7065
13489
12889
13775
10861
8347
11458
9174
9183
5612
9242
1007
5624
9104
3174
1610
4323
6236
763
11251
3106
13488
13773
13128
13405
13700
13609
1380
3158
5363
1971
9130
12702
4500
4843
10238
9940
683
1125
3736
2612
10978
6144
11565
1581
5592
11902
10669
4339
3287
544
3957
5049
2797
4141
12768
3096
11056
12930
7471
2805
11991
5517
3182
5003
8590
13718
7368
90
3413
12399
2379
9321
48
10756
898
5737
9587
12480
12135
4411
6165
9947
8745
13654
517
9298
6630
9496
8070
13556
3965
5448
5460
10197
687
4374
12347
2657
621
11352
3952
4364
3448
2598
1248
8438
12396
5968
2008
237
1127
479
8573
6585
6200
3051
7843
2530
2532
2838
6192
3734
9549
3133
10052
12644
12346
9005
1072
5761
13826
6235
2072
14087
4723
3608
7946
12228
6408
4765
5416
712
7315
7760
4549
4210
8514
6218
14086
5035
5812
3789
9165
8281
3571
3716
5461
4578
1732
4837
12049
12513
4126
6895
10465
3400
13259
3437
6822
3704
10638
13707
1884
6472
8413
12898
6110
8960
4399
8744
4512
3541
402
947
4236
7570
6150
9566
12005
10404
6770
3386
11760
13097
1239
9223
252
8662
11858
8958
8558
3037
5277
3629
9055
13074
6183
4367
2875
5504
2347
658
13831
5819
3642
10555
12681
13316
1369
12587
8366
2629
7226
10762
5329
9129
2600
6437
9070
10655
351
4416
1267
4241
2331
277
9816
8746
711
5445
2651
10259
2817
8714
13927
6265
10099
9810
7049
490
3401
10067
3638
2661
3804
508
830
5312
7420
5642
12864
8243
10096
8260
11881
1027
6636
11452
11239
13039
8479
10990
940
1605
5768
1073
10862
13222
5575
13688
12536
12274
436
4296
5371
8165
6613
4266
2332
6893
5207
1556
3737
9057
12958
10609
7839
12867
2188
7665
4171
5809
4602
931
14020
3746
6676
6390
7161
36
7107
9968
8164
4681
5046
1366
8901
1865
5487
13229
9213
7050
9857
8630
872
11948
6989
1545
12706
5113
37
12741
9110
5109
11576
4463
11084
11367
1542
1295
13989
8925
4618
6425
846
9731
12334
10920
11786
4279
4284
13883
5008
7999
2143
5905
2929
1945
2344
3960
11270
12556
7503
5280
6446
7865
7869
1025
12370
9672
12795
754
5212
842
6161
1973
8542
13618
7740
8749
4796
13094
804
10810
3089
8997
6166
13360
3809
193
2890
5686
3834
6756
7488
7117
4048
9691
1348
13368
9993
335
4826
8175
5949
9732
13060
8521
1967
224
6843
8580
4559
1847
4664
9865
7360
5759
9992
12676
8767
5058
2611
9253
12846
6432
3384
13232
3739
11784
9525
7998
9544
5300
1753
10575
10181
1094
620
10968
7408
8028
3793
646
5570
6717
3393
4854
4101
5637
1272
5173
10323
3625
3569
4230
7092
13988
2226
3059
1242
5230
766
1313
3948
13461
12804
4265
11958
10471
5158
13863
12646
5942
8048
5857
585
3661
13152
1828
13340
7528
8031
13979
13344
914
4490
7007
2645
12680
7600
871
13499
2346
8862
13203
4089
1526
1787
5832
11913
3337
10123
7770
2172
11867
7029
6710
4861
6802
11521
5080
3091
11889
9415
10677
6245
10769
13354
5878
1199
920
10154
4740
6956
1817
5773
7942
8198
5382
3778
7601
8462
6836
5354
4932
1608
5693
3421
7963
9792
12476
776
540
7737
8470
7651
2129
13733
13087
11473
8702
3175
3350
8713
7904
11186
6451
4207
1669
6877
10698
8439
5751
13182
4980
12351
7219
10919
13196
813
10094
6401
439
11885
4261
4840
2381
1062
1358
11523
12232
13404
6567
9849
5164
127
9181
2909
12038
6704
5945
789
2841
6158
10546
1028
4487
7221
4749
7446
13881
7753
3473
8279
5434
9443
2680
13608
11711
10085
3696
3715
6398
11516
6274
8606
6264
3676
4471
8180
1536
10014
10448
3181
8970
10078
3378
6443
4458
11107
4846
2692
1746
4119
696
198
81
398
827
403
9808
12474
5929
8431
8842
3665
383
4782
8014
1903
7647
7312
4510
3568
9537
1680
5638
554
12718
9459
8586
12732
10378
1170
3122
7160
13174
9843
1006
3244
1736
6423
3702
5823
12281
13443
10734
8692
9118
1595
3443
6424
5417
10331
1697
8730
9693
11235
4507
2974
1642
8617
6793
11488
4075
12286
7184
3169
2163
11886
6368
9198
3345
3990
6036
4310
8601
1964
6123
549
8809
6121
6610
13590
8738
2382
11940
11592
4472
980
9162
13204
12451
12208
9063
11497
10834
13072
12116
2778
6504
5558
6005
12097
8055
3795
2594
7982
2216
196
7672
13398
9340
12929
9935
12082
8406
2819
4301
2245
12504
12683
880
7114
2192
7590
5731
11983
8898
10042
11216
8525
2697
7627
8474
13663
2452
9227
12948
11937
1833
566
11730
11622
12481
7911
9704
7328
4569
10169
2179
10171
2055
743
2893
1402
5464
14027
7477
7429
3207
2032
14010
2915
12343
9681
9178
4629
11494
4550
2278
9588
13298
14003
741
13939
14058
8268
1998
5541
1925
7556
5134
8588
2054
10012
7681
1913
10653
10204
9216
2062
2485
2040
9799
12610
3610
9963
6922
1911
5543
12068
5739
6383
9622
3206
11316
9212
12260
2067
11253
13381
9172
8442
12654
2049
1907
10406
2441
4572
2484
1931
6330
1832
1891
5537
14070
4641
14098
12112
13820
1407
2180
4313
7797
10245
8026
9961
9436
3173
13395
9743
1877
4299
8467
1403
13943
10174
1774
1412
11389
8957
11163
2420
10160
9744
2635
2234
3186
7646
1874
9044
11404
12244
1405
13612
3198
9209
1790
11114
8262
12345
13725
6244
4951
11702
1788
9194
6715
1339
12558
7493
1782
2633
2031
7798
5652
11549
4762
4068
2903
13946
13644
12970
13948
6923
11703
3018
9466
10002
12653
12520
11897
12926
14011
1939
14009
10825
13716
8361
8045
1777
11077
6553
2053
7514
11204
2041
4314
8625
13374
9498
11073
13525
7616
9624
7680
10502
9215
7491
11076
2133
2050
6323
7265
3076
10826
10006
2197
12962
10660
10004
13999
5533
4273
2426
11143
6337
4065
10167
10408
1899
1923
10828
1988
13901
11075
5532
1766
13118
10840
2239
5206
1226
12760
12963
4674
5450
6387
9499
2491
9300
13208
7334
1303
5525
3197
10478
12243
10202
6061
9218
10903
4627
13785
12971
10407
765
2059
2335
5387
3084
5973
7481
1783
9182
12784
6816
6037
13777
6632
8261
7480
10203
12492
14094
13782
11069
6712
9956
13778
2901
13305
11480
7170
1943
13587
6062
8267
2058
7428
3203
6925
2232
13902
13897
7870
13956
1395
4636
12134
1957
1826
12087
1795
6328
10161
9660
10008
7803
13422
3027
1986
4637
13781
7266
1801
11328
14018
7374
13111
9333
7357
2442
9351
10896
746
2065
1873
11831
3229
9331
7716
5852
1635
6336
9659
3124
13249
2045
11147
7455
1391
13914
9217
13527
10788
5536
13787
13202
12964
1742
10627
10165
5931
12009
2037
12061
7434
5656
13015
10044
11499
2231
11213
12133
1396
14014
10391
1385
6514
6131
12400
6108
12342
9133
1944
13873
12682
14002
8956
3897
6709
7383
13935
12895
14081
13273
2552
9170
3192
12326
14076
7517
2071
13508
1009
13115
9820
3049
1857
10175
2317
13369
13972
13429
11225
7378
2048
9822
12766
10250
9210
12154
11236
744
6257
1796
10950
3210
1571
7571
6331
7844
3640
13908
11712
742
9626
1982
6924
10115
7783
11917
2025
4651
12515
9753
12344
11057
2006
6731
9623
14041
5026
1892
6818
1346
2194
7800
13380
6120
14071
13044
2637
13963
5258
3038
1915
1886
12055
6026
1950
12807
1853
11055
10642
13784
1401
2009
1912
11980
8076
10172
11049
6854
12137
6711
11072
8027
1851
1956
4300
2625
1844
6683
12302
5540
10449
1390
8600
8316
12629
2229
2028
12059
9955
6555
7479
1368
14004
11652
2430
12428
9958
7168
1845
5024
7714
506
4639
2012
1413
8622
13715
12969
2224
3891
9696
7656
7790
1888
4600
1881
2906
9620
12809
1312
8661
4631
8106
13507
5544
1905
6277
5530
6327
5529
13626
11682
2446
8664
1918
11794
9746
14043
13528
12806
9329
9656
3065
8318
13574
1876
13783
10620
10763
2235
1775
14106
2051
7995
9817
8699
7359
3054
10679
5531
10162
1901
11162
8264
8075
6332
2636
11701
2087
7225
5023
1393
1984
10009
3144
6601
1895
9208
13583
11074
1294
11062
12477
1935
2623
11678
10864
6807
3052
9214
2412
7348
6105
2417
2060
2042
6435
1644
2900
7350
11683
1400
1864
2033
8358
8330
12782
8266
10985
10824
13661
5526
1414
13510
7795
12561
13993
14008
13198
12103
11151
12717
13175
9962
12966
13188
10164
2480
13717
5492
9295
12335
13779
3202
14042
2413
1776
5741
1399
6714
2017
10243
1861
12968
13173
1306
10364
6388
3889
12523
2029
13342
6329
2000
10865
8670
13114
12835
13530
13900
2407
9161
9435
2489
11071
13772
5654
5539
8509
7796
8265
2227
4067
13878
10282
2021
13113
4635
8671
10392
13850
12972
8144
12723
7751
2639
7710
2066
13969
2486
2068
8349
7367
7993
13509
5452
1958
10244
7382
6501
11208
9269
9500
10823
10234
7169
3193
9833
12447
7682
7385
14007
9177
14024
11464
12164
2030
8835
2070
12921
6333
13193
3013
4640
13932
13918
10521
2043
2454
1773
12961
2897
13529
5025
14037
11749
14095
12285
12367
13102
9844
11068
12153
13728
12960
2044
9578
6334
3201
14035
11676
8878
7513
4316
2424
1936
2277
8993
13434
2902
10576
2208
10737
9169
5136
2014
13928
12337
12340
7427
2038
2057
10281
7516
9960
13110
8313
10304
10170
7392
13116
1745
1397
13750
9414
7384
10045
13998
1798
1979
3101
1978
5527
4986
11167
10104
2013
3044
2023
1357
13652
1772
9776
4625
3323
9812
12341
10453
1394
7719
5657
6819
1894
1856
9834
2233
12366
10858
9788
2011
14000
6678
5740
4633
7005
7567
8107
5743
7333
5717
8309
10007
10507
13299
12238
14017
11205
4630
10389
2553
1389
4319
5072
9721
8658
14088
507
7678
13937
7793
6716
12304
10972
8314
7511
1883
5626
3611
13938
9508
1374
9330
9944
1962
14057
3896
4185
1840
13290
12808
6325
11127
2228
5545
13977
4317
14063
1377
1780
14080
12923
8363
8410
2898
5542
1411
12810
11050
12967
9202
11795
9798
13036
1625
11429
1765
7792
2632
7307
9053
6896
12004
7802
14038
8223
9332
7801
14006
4566
11265
3537
1968
9952
7425
7515
1784
8597
3420
1789
7337
1920
13396
2460
7774
9756
13996
9913
12918
11126
1870
1769
1802
9658
6602
10809
12959
12722
11042
3167
11064
13568
2027
10827
8667
3898
10166
13931
13751
2075
6326
1792
3888
1409
1398
13885
2052
6713
1933
10644
10807
5969
1569
6065
10302
1572
11510
13341
13689
2175
1330
13209
2016
7588
9794
1972
3602
13332
8039
13531
13983
13092
10010
3208
13915
14013
11773
8083
2047
13994
13526
5716
11945
8688
12426
1415
10005
9211
1889
11780
12965
2147
9949
13178
14078
1910
10540
1406
8074
10156
6063
1767
9657
12395
2800
5538
1995
10420
501
2063
2035
14005
8035
9468
11206
9811
1799
6918
7443
8269
503
14015
11123
2076
8428
13240
12008
14096
5850
9204
3195
8312
6758
6600
9562
2468
1663
11451
14016
6322
12322
9959
13532
8095
2634
12361
12430
2046
1963
1924
6382
1309
4585
14036
2056
9195
13112
2026
1929
14062
9093
14047
1885
6053
7996
2022
4695
4546
