1266
7785
1828
5988
13144
2177
1433
10329
2325
2703
9352
13819
8859
11189
9443
307
6360
2592
4663
7445
6877
9315
3815
5648
11825
8575
7351
9032
335
5334
8069
9934
10528
623
3599
3906
7520
4461
8497
7178
11646
8041
8800
2723
6620
7946
1334
2481
11765
282
9969
3991
777
6643
2262
6915
9971
3818
12060
10076
9136
9255
12158
5764
10752
11093
5517
12813
12891
2367
12440
11877
13815
10855
7683
5938
4886
13162
12121
8856
2459
9586
3431
2646
3807
223
1641
11933
1345
3585
12413
142
6139
12449
8402
1325
12691
1602
678
1082
12894
5129
5922
520
12635
1515
9940
6181
2761
10112
4678
8684
4131
3406
8934
9939
10917
232
928
6772
4692
11545
2157
13863
2118
12633
316
13656
10285
6912
1884
11104
11649
9485
8892
6467
5646
4463
1213
13067
10995
12713
6785
3303
7473
6636
11493
3007
2178
5432
2567
2750
4493
5146
5028
2372
368
12220
10454
6526
3115
6916
13143
7444
3646
7313
12274
2150
8769
9673
7971
12532
11034
10981
9492
13073
10533
3329
12120
2188
3533
10212
12021
4345
942
3594
10455
4263
2379
10514
7607
8737
13018
7694
689
3396
7129
9439
12651
5087
12637
135
10974
11425
9863
9942
9025
8031
4527
7620
832
2263
13089
112
9473
9197
1704
7390
478
667
2328
2039
146
8328
5944
11286
9477
222
8293
4867
11367
13364
4002
3423
343
7562
10359
9662
4337
5203
9480
12038
577
11447
6520
13804
13924
9652
8220
14072
3232
4594
5063
12582
209
7855
13980
13485
9842
2575
7165
1630
8970
13848
1085
3635
4863
3222
1660
6750
1808
5977
13522
4966
4241
1004
5678
1576
4003
13749
11744
2692
6573
10721
11883
3586
35
9790
11647
4074
4157
11706
2400
8068
13857
11141
9602
8539
10094
857
5893
4442
10268
10066
484
9522
10191
1177
2763
1516
8871
7508
3860
10239
4017
1460
13861
3016
13214
3663
8887
11024
4707
13858
12726
12039
9689
14092
9374
3442
8494
10952
8207
7688
6986
11529
9241
5463
2695
12014
7859
1424
5687
9704
10264
10298
9672
12838
2428
12231
8723
8989
3331
13386
9486
3030
823
11495
5719
7000
1310
3724
7773
11365
1041
1106
1721
5426
11957
13363
6904
13221
9317
4614
9327
12078
10787
10313
6060
3866
3789
11098
5168
6391
2677
1179
396
803
5515
8722
3258
8857
107
9648
5165
2212
3083
13792
1045
3223
9080
11799
12579
1611
8200
9737
3256
9761
5755
13122
9698
12376
6271
4460
12208
13130
7757
13506
14061
5609
6988
13308
5048
11921
12291
3694
4383
2765
6416
10728
8187
1190
13827
12444
8459
6429
5513
12816
8113
13865
8747
3999
4506
13371
5314
13747
6769
1103
6767
10423
9314
6840
3341
5121
8806
12455
12775
13183
13635
4415
10386
6472
5942
13724
9235
7984
1817
6570
5907
10543
10223
10735
7778
12129
6870
11932
479
13455
12781
5512
6205
12130
13176
9031
11090
2114
7097
8640
7597
13962
10506
6939
13903
8922
4746
3159
394
5608
12763
5197
8296
864
8505
4130
3087
3417
2505
5275
9085
9546
6889
1171
11798
1693
13286
4013
1060
3261
873
3656
13477
2731
7340
8941
4619
1849
13708
13660
10144
9630
998
104
4536
8648
3973
4227
6403
8652
5230
8873
1172
3375
6935
13343
8683
14107
13608
6539
9460
12845
5919
7535
2941
4152
1593
3493
12639
2184
7318
5731
5951
4809
10650
5982
7446
2996
5930
12338
13125
9748
10294
7289
9948
5194
11809
5237
9527
490
891
5003
7950
9552
153
4657
2615
9585
7156
12000
3576
6478
3521
6206
9603
11170
9160
8305
773
8632
13585
4708
7099
9591
5358
5923
8604
8453
6588
3690
7286
9814
9052
12003
2583
9907
6350
14055
1654
11593
11766
1668
3740
6876
6356
2260
10720
9191
6484
5389
10861
13774
8865
9127
10267
6597
8152
11915
3836
3311
1143
10967
3095
12736
7051
8371
5263
13797
1136
2289
4414
728
531
1209
10441
658
4137
9674
1418
2673
10390
3931
11627
249
10151
9550
11030
2560
11313
6321
5939
2783
2987
2622
2515
4729
3742
4563
12170
448
10890
738
6098
11606
10764
953
4520
5156
3912
7136
7899
4783
6781
3759
5736
10982
4340
13460
13255
7422
1302
5888
6118
11788
13192
8930
10372
604
2466
663
3306
128
7396
1459
4093
5967
17
653
2711
537
313
830
4869
10558
11032
4776
1086
2866
666
5617
1507
6838
8201
22
12011
9380
921
11871
11508
12271
9453
2628
13610
5047
6106
4302
221
6135
8666
99
6276
10242
8897
3168
559
11337
7247
9845
12939
9869
2960
372
4953
3421
8948
342
6289
2318
6297
3502
2003
13443
5782
7589
11804
6035
8321
13862
11385
8250
9283
8465
4289
9861
12391
6111
9791
14112
11750
2112
3954
2670
1218
3703
12254
63
85
4276
9073
10832
1457
2522
218
12584
13139
9990
9599
6286
11116
9471
12547
220
3621
5119
5033
11361
5910
8259
3554
5760
11955
2434
405
11938
10318
12613
9087
2503
106
10948
6898
13800
8560
6942
4046
72
12118
12229
2838
2309
10884
8320
13809
7175
5771
9143
8696
1304
10317
5639
3478
8852
9547
6089
9024
9688
9305
3584
12063
8221
4929
8552
8315
1941
12858
11131
1486
5067
2210
4394
13584
10688
5808
6690
6369
3966
7699
415
6534
13423
2106
4215
11133
5324
4174
867
9989
4490
8427
10003
1315
4748
3413
7720
13090
9450
7729
3237
7768
9010
7614
5172
1518
4434
6970
13281
11230
8154
9489
590
11995
2792
11517
7498
9111
4
5671
13979
11790
1954
12997
622
8392
6230
8953
3335
13701
6372
6306
8916
11578
10342
12677
4655
8680
7397
4987
13606
8409
2835
12181
721
2302
2265
12286
6744
2126
4175
345
1839
4568
8884
1709
9592
3765
1578
13471
3287
7711
1331
578
12551
2645
8329
12974
12132
12096
5940
7053
10791
428
5851
13590
8290
5681
3934
8611
10060
301
7032
8191
2798
9899
255
12331
8785
1485
3137
7730
2797
7824
13984
4924
11829
10525
13539
8401
7405
13397
2501
5866
4243
2853
5376
2531
14059
9614
8468
4790
6564
11033
3066
3675
9335
10444
12912
13280
12167
2151
1489
12307
10109
10891
4677
13105
4864
4976
3363
4597
7137
442
8682
14090
10777
384
9277
6587
7624
9001
9061
3243
4245
10713
6298
7447
13889
6606
7712
7560
12563
758
11787
7676
4894
12412
7232
2683
4421
8789
10550
554
10710
10187
9768
10278
6142
9248
3878
5133
3029
12175
12562
4430
12489
10562
12481
11430
3445
1296
1613
4094
2187
3859
3503
12421
11327
3217
877
10375
11969
8721
10986
4848
7260
5343
4362
6733
9273
2881
4946
9914
8219
7376
3918
5398
10288
5278
8675
7323
3965
12478
10879
6082
593
13746
13344
7563
621
4367
6485
9123
1308
10640
12957
10305
2911
447
6301
13260
8348
12495
11711
9155
1618
79
9396
13148
6945
2247
13387
4515
5962
8864
8955
3835
3524
6832
10240
3486
8092
3907
1592
11540
11280
9502
12006
8678
6473
13599
385
351
1347
2524
2619
3776
2754
5037
8582
627
10014
8169
11399
11968
8088
10219
9997
2542
13838
4596
14068
980
12040
5417
5350
7222
1800
2931
8616
2298
10351
5835
1341
13124
2948
7843
3033
10428
11846
926
8399
12788
8538
1255
903
6662
8008
5871
8979
2242
7969
12625
12414
1168
555
6057
6357
9873
1353
12840
7273
6749
9891
11579
227
5690
11277
4468
10561
5395
10810
12906
13220
11542
9457
7504
7891
11293
3589
10541
4829
695
6965
6814
2696
2008
4465
8904
2630
430
14074
12328
8690
11468
408
3691
8356
12606
8821
1102
1229
8239
11808
2873
4618
10487
13312
6717
6659
11950
2895
835
6150
13117
827
9718
13818
11707
11592
12843
781
739
6511
10493
1600
4691
13758
10949
11438
8032
12287
13306
7738
2397
9022
8257
10853
4177
7726
1072
12490
6272
9593
10641
7102
2533
4606
4290
4588
7832
11235
10748
13107
4866
7206
1189
9084
7349
7185
2458
12460
13603
5955
10965
866
10534
2537
12057
10088
12242
10744
1040
3953
923
10515
1273
1533
646
6423
2570
3390
3716
1558
10136
13940
1482
8581
6802
12704
7253
9301
5569
13896
4240
11975
4278
10194
7457
12408
246
10856
5928
10794
6948
1092
9307
10348
5708
9808
10680
2148
5077
13155
11408
9462
13729
3313
14110
11488
12919
12186
8127
6267
13955
5576
8252
9306
2507
12583
13682
12641
9398
10954
7285
12259
13253
5699
4560
5876
10356
5625
12543
13335
5946
4529
4773
8227
12267
12405
1597
8496
6821
12897
9083
58
9040
11461
2671
816
4217
10776
5649
7494
7029
3113
2108
13055
11687
5126
12841
4149
8691
12115
2254
10790
13860
771
4305
10210
933
12273
12365
1574
10074
4974
8237
13266
12640
2341
10702
4759
9418
573
907
2445
1673
12575
1284
10603
4029
12303
10508
11586
12102
13136
10224
5579
3020
837
12735
10021
2790
11383
2672
11097
2684
6595
8090
11027
647
4500
3338
6831
10073
2225
239
9779
9793
2691
12325
10111
13362
5926
9062
956
5821
10933
6471
11195
286
7889
9199
10692
6982
12702
9731
8327
1392
13910
10059
6156
10190
11324
2342
1358
6283
13870
10552
7269
7060
11433
12902
12631
4542
5636
9670
8147
10925
11844
2955
7148
5762
12258
4687
6590
7735
1747
12018
2814
5604
6834
3352
12047
14109
5413
8563
3110
12690
13886
7033
8260
82
9786
6568
6151
4706
6041
3348
4082
5394
9342
8258
2975
4788
1451
5713
2926
4078
599
2982
633
13775
2705
2909
370
12182
10101
1198
5058
13046
10786
4524
7467
5550
10666
10718
11607
6309
12183
13666
5612
3093
10149
2083
9495
5665
13022
6605
7509
7284
969
4579
8535
11273
1238
3687
8700
2155
565
3263
5232
6320
951
693
8862
6631
5510
13099
3120
6459
5410
10955
10053
3271
8843
3591
7216
9866
1111
9265
10033
4076
5409
12900
691
5158
648
2986
13696
11379
7667
11007
10741
8256
5174
5674
4280
321
9035
11960
13428
12618
2307
706
13182
3942
1636
287
3397
7331
7365
1945
8053
11982
5595
12223
4200
254
4336
9107
861
2849
6028
8493
1349
13641
10431
10276
4187
1175
1170
13037
8718
4226
13284
12079
12973
9237
6608
8750
13553
5151
10126
586
5289
5127
7810
4425
3308
6132
12093
6335
9166
9442
10527
2174
996
8823
8192
7743
2384
5061
4979
1829
7411
6975
306
2383
1318
4214
92
6516
8357
4963
10477
549
4021
4896
13042
8047
9451
2555
476
10536
7665
12282
10565
3772
4008
1535
12945
699
8492
7319
4390
4962
8928
5035
10970
6250
3781
12861
6853
9002
2355
9009
5460
5980
1965
1230
4697
7141
7021
6843
3628
8375
13770
7
6158
240
4462
5029
2875
892
6440
6170
10590
12742
9444
1132
12435
7722
3660
6604
9650
13448
5346
1949
8308
5385
44
13196
6117
10395
7101
1528
6266
6263
4791
10230
7416
11198
12392
6386
3339
2844
2517
6236
11859
12602
9825
4670
12221
1676
10772
10345
7127
8078
11669
5208
8408
13365
4908
990
3769
4141
11394
1151
248
2371
9520
8426
9846
7122
4807
278
7085
13704
9617
11520
3580
3042
12769
129
3103
1083
6225
12983
11565
10432
11821
541
4747
7417
6967
6865
4491
6663
12574
13165
1159
7925
11541
6202
7400
2370
4647
6420
9475
3248
11729
13336
7937
7594
10753
4549
12513
13789
6848
8085
974
8297
13475
2676
2972
6415
401
598
13194
1690
10427
1975
3297
2406
13687
6213
718
11822
4080
7336
3077
7197
4118
9101
9991
3924
11199
3823
7652
2251
12996
9036
11138
4350
9898
4852
5561
5004
4275
10674
2582
13790
1387
11149
9691
3739
13302
9823
3437
11455
9835
2816
108
4470
1049
1909
12745
6216
2477
13495
8006
13799
609
2617
11731
2839
13523
5879
3956
9015
175
4881
966
4676
7637
5388
3985
9441
11248
2345
7133
8005
3002
12090
5916
3969
4608
10147
12300
4592
7093
1948
814
10503
6241
6056
2154
3382
6201
3346
4143
5095
5721
10030
115
12314
4959
9206
8544
1657
8322
5478
6619
1134
2896
11648
12
5273
5965
10875
12614
12727
5738
3165
11568
2131
7067
10019
6901
4732
13965
5261
13261
3121
10808
6343
10442
11176
9392
10929
11937
134
8638
5322
74
8044
4879
4766
13899
4587
847
5424
13794
9328
6578
5361
14067
9401
13650
5810
4533
12710
12740
9557
2664
6995
1977
3588
12661
1185
91
11470
9407
12988
11585
11962
5613
6562
12065
1382
10539
8801
9999
4179
8098
11553
8014
732
13349
6265
13468
211
10416
2997
4609
10361
6154
6292
12058
4208
2463
2638
12276
13123
11484
5534
4129
9340
629
3112
807
960
12671
231
2640
2932
2488
4765
5900
11364
3622
9045
6796
12525
6316
1469
4478
10120
8720
11381
978
9003
13731
229
2256
910
8300
1561
8615
4810
3340
5978
9671
11095
7851
5318
3543
3654
2127
6214
4193
8912
9967
603
11758
4125
4480
6676
1541
9925
791
459
9645
12123
1819
4257
9434
7305
794
10617
5298
3484
1473
13217
2403
4781
5005
776
10183
9129
3760
6128
7915
3756
6682
13738
9606
859
11290
7075
3367
7436
2211
5795
4458
1768
6881
6070
2101
9223
1210
2331
1152
3630
12599
7118
3805
6193
12952
2333
9207
2578
2650
2946
8033
9298
3241
4315
1135
2715
9456
2717
9023
11432
13719
8430
11817
1076
1241
2689
13200
413
4213
8275
9532
3219
10559
377
2285
7941
11767
2833
1153
12201
5823
12530
12370
10387
8480
12359
3383
10186
10632
234
3166
13252
6824
8799
6078
10537
10269
12855
14113
4884
13563
5183
3320
9809
11067
3839
12197
9881
13961
10434
2276
9299
6000
57
159
3587
8381
13029
11096
5108
2213
12387
1791
11331
4661
4968
558
10414
3458
11439
1787
12017
897
10499
7046
487
354
8837
9747
6981
3299
10882
5623
12406
11207
9445
391
12933
534
7903
13150
12678
579
10039
1566
14099
8929
2240
5212
11486
4605
10341
11041
3653
7598
2573
4850
12369
5231
12910
5301
4158
9225
4312
12934
2334
12099
3738
11359
5451
7727
7704
9296
8403
11228
5471
13297
130
673
65
6407
13334
4801
591
11990
1626
7552
8279
5583
9862
10411
1165
3336
4048
7668
8210
6508
11164
9946
10857
601
5727
11374
11622
4411
9764
7866
806
7100
11843
2736
6983
10303
203
5616
2716
6784
8096
8087
4853
844
3035
1360
177
11229
3967
5981
505
1599
9124
11254
4915
8695
423
2352
1749
6133
9149
3722
643
6043
7354
10308
13313
1326
3305
13347
13881
4737
8559
2159
679
11718
8513
12088
793
5818
6696
7038
11755
14052
4473
7016
840
4119
9905
2452
6102
5710
3282
6866
11936
7816
10556
2128
13959
9152
5175
10796
4443
12798
3262
7139
359
1552
5309
7255
9859
10221
6649
9680
4254
3085
1097
12907
9565
6809
901
12862
5568
357
12732
2718
2959
6723
1474
4138
1646
11012
8104
4039
10571
2616
6127
4690
8541
6222
10566
1559
1419
2855
9750
4756
2113
6886
6008
7386
2812
9047
9856
3114
217
10939
9026
868
11855
11340
12612
11171
7126
5679
365
13767
5501
9021
7048
7279
3267
1675
1376
4252
1846
6261
931
5754
2182
3840
6479
8242
6091
10870
3278
468
13595
5071
2526
5585
12301
5588
2171
7696
10804
9126
588
5828
2899
6047
13007
2856
10705
12880
5954
9213
3234
11153
3782
13197
5221
4471
4062
12590
38
10075
1806
9975
2951
11435
7677
5691
8620
3517
3788
5062
9067
4975
11782
1021
7964
12822
10693
12695
11139
8060
4920
2961
11466
7317
9138
3672
10706
6437
1751
13103
12630
10179
2214
7415
1601
8243
9014
5190
1496
13795
200
2273
6021
2288
8542
13348
9437
11987
3325
6999
8931
6773
280
4575
3713
11949
13586
11778
8850
7022
9751
12887
5319
10877
2362
617
2427
11865
3105
9254
13307
10352
869
2363
6178
5267
2119
13329
13762
6495
12442
3706
10596
10971
3819
11820
6803
13517
1523
4237
10130
5753
4333
2297
4777
3905
13824
11382
5195
4031
8515
3301
5436
4136
13014
7203
11900
3246
13199
12842
98
7713
12985
11830
5169
8245
3827
9986
5661
2942
4604
5330
9992
12885
11725
1633
13481
548
5521
9610
10205
382
8869
8379
8561
5875
4741
6757
9708
9469
13572
8969
3064
8546
10612
13596
529
7027
5935
181
12281
7826
8942
11122
5733
10220
311
13201
5017
6500
10694
6978
11020
9872
4844
10959
10665
2598
14053
6992
10085
12230
7325
932
9938
5686
1313
12502
6196
10134
1854
4487
8826
8844
288
9653
2359
4703
11546
7090
4665
6496
5551
5374
11667
13009
4923
4580
10979
6348
10667
7262
13929
5118
8158
10343
10106
4431
5236
3138
4438
6048
7448
11771
10368
260
7892
5345
3180
13884
10801
12873
10697
2892
4334
522
10709
13359
348
473
4531
45
885
4371
337
10079
11770
963
1682
8213
11850
6029
9694
13077
11048
12609
1993
3470
11255
1707
10129
8885
12909
5439
13930
10726
909
7502
9137
1580
2064
4357
10404
2872
2729
916
2144
881
13295
4784
7140
13833
5777
11490
12768
3730
7487
786
7190
13691
4925
3344
10518
1463
6243
5556
9228
1115
13920
10325
8808
4872
7564
12875
12680
11321
9936
5407
6198
12476
7815
11434
9851
1734
10553
5266
10634
6864
6312
3910
6964
12024
9558
7158
1706
3833
1166
11391
4400
3919
10993
13367
12388
6363
5651
13000
6030
3289
12067
3067
5801
1137
9203
4433
8618
4938
6210
9132
2109
11046
11144
7209
6172
276
9998
13370
13631
11058
10020
3512
202
2831
10568
10814
4202
7229
3960
8818
7877
119
8036
3865
8860
10966
5462
2492
8396
8324
7361
8569
5252
12911
4861
11443
4912
13345
1350
4232
13063
8184
4115
7897
3078
9425
8018
4047
2482
2456
934
3715
3826
5924
12951
10354
12847
8503
2386
608
1035
12555
6745
11663
11681
10988
7904
7690
10207
1575
291
10374
11103
9232
7850
3943
9679
7608
7745
13461
10068
3726
6094
8858
399
10488
9571
5138
5170
1138
4181
3921
4109
11158
12662
10206
11130
8766
5157
7782
1323
5293
13891
7845
7926
4972
11977
7584
3620
8756
5787
11686
620
12188
8359
2319
680
3157
7965
7780
3048
10866
1314
6893
8204
197
1247
13355
5997
10872
12854
10486
1286
9758
4306
2198
9736
4269
9266
11375
6980
6653
5046
12739
575
5473
556
4049
4910
13855
1648
13830
3854
570
406
6826
10696
12674
1116
12928
5667
1090
11768
11941
10119
5295
7215
4823
12927
8966
9192
571
1967
4343
9431
6148
11222
12738
2878
4160
10944
10812
11774
2207
539
11492
6083
1838
10961
2433
11157
185
10457
10489
12160
4266
1197
5449
12315
13292
1927
2778
4495
12643
4892
10346
8570
6727
13557
272
4090
5571
1629
383
13489
7231
1005
7957
1554
11784
10470
5437
2173
7968
3191
12948
7989
10649
7012
2779
12054
11419
6023
397
274
12149
7959
12213
6112
256
9154
12864
296
5758
332
10926
9039
9186
11930
13620
11262
5855
7974
10821
11066
7679
6668
4628
1125
6728
13892
5335
560
4902
7291
5446
10497
7718
2545
13319
592
2072
1156
11739
698
12202
6461
13016
10819
11708
289
4899
8827
12901
2983
13224
12601
5302
6465
6951
7860
1480
5844
11081
5598
2291
2846
9555
2824
12076
8229
6628
4016
3161
2283
11807
8820
9661
7302
1688
10097
6689
2315
4190
3122
5905
4658
12245
5488
10209
4058
3832
3411
3108
4873
12064
4551
11457
8775
6974
9153
10597
8319
2373
6592
2863
1016
8725
5666
4900
103
7823
6845
3031
4538
3619
43
12718
11101
13883
4789
3707
12699
386
10673
10158
2398
5245
14034
10830
10022
13550
4069
10369
11824
11309
9765
13490
4173
3981
3794
3723
10197
10761
7475
1746
5548
12804
7817
3154
1560
10636
12470
3702
7857
4855
6378
10272
4384
7304
6228
4532
9766
8339
2508
10495
443
6269
5051
11318
8807
6577
1608
4799
13415
1022
11410
2979
850
13624
1279
6890
8902
3952
3264
12062
8703
1058
8183
9081
1680
10849
5362
3540
4369
2738
14093
333
11201
949
3220
11717
3538
3757
6009
12051
1446
8270
8901
32
1563
5790
2275
1462
10968
6401
11873
4456
11252
250
13941
10936
1848
12105
4599
2679
1679
13566
458
6095
8809
6591
740
6164
12022
6955
13425
3734
11156
6929
4043
2018
7006
3864
13844
10461
4815
4559
4392
11317
7724
3643
1961
5074
11296
5774
4519
9739
13927
9857
13515
13658
1180
6582
9530
12468
10784
3634
9813
8070
1501
12139
11221
8631
540
886
13195
6997
1823
10931
36
4534
11670
3825
8276
10922
8145
1548
4650
8804
13057
8926
10284
964
1628
13246
9078
67
12743
8819
12364
6626
10652
9494
2089
12857
562
6730
1240
4010
12913
1378
3609
5328
3090
3425
9258
13544
308
8114
12106
7459
9627
9029
8907
4423
1052
4265
28
9699
11418
5673
3389
9399
1075
9423
5575
13693
12797
7183
12608
3771
5809
4804
10522
5444
9559
2957
5465
6019
4890
13379
8991
13435
634
6732
11813
7853
5826
7644
1724
1282
4593
6487
4011
2320
939
3662
309
802
8081
5092
6544
3764
2290
8854
6959
12114
6993
9098
2991
10422
1046
3060
5964
10629
6475
2558
12783
6080
524
9632
8343
4525
12472
3393
8551
4643
4860
4878
9325
3402
10574
1443
10591
5163
34
7944
1568
9379
9229
716
13538
10589
5090
3813
8815
4474
9781
10704
9465
6068
5800
12272
11763
5841
11323
5365
6943
14086
136
6090
4505
6671
2595
8573
6141
324
6197
10000
10635
1588
3253
2762
11643
4847
4228
6368
11988
872
2447
5333
530
513
1621
9074
3231
11471
1505
4740
13020
4051
4404
1863
2851
12251
8447
4961
16
12882
12323
7985
9501
11906
8054
9416
12015
10482
2249
3079
10032
12358
3174
3454
9810
7700
3752
4451
495
3507
10146
5438
3275
13414
12668
1697
11373
7640
8867
5315
10077
13651
9179
1026
13265
10798
1805
5640
12692
4897
12914
8598
7759
7453
5984
8746
10586
11965
8406
5730
13033
12290
11736
407
215
13753
1277
11588
10918
8205
5877
8168
12538
2940
4731
5364
8347
7094
9669
13992
7966
457
8179
4898
13806
4607
3808
6491
5270
6239
1322
3558
2894
10335
7518
5770
2967
5896
12233
6
11272
4595
3491
4494
1225
11557
331
2253
13377
10379
13788
2163
12621
1195
39
971
12002
12725
4249
6614
4994
2860
2945
11388
12355
12773
7540
3990
4293
5217
13912
2969
10817
12681
13241
4716
10280
3488
6934
10255
4949
5621
5030
5734
12424
12730
12453
8949
970
1426
4325
12308
9556
147
9876
12464
10780
12944
9655
2658
9088
2865
3160
9828
11570
7488
259
4085
2361
5633
4672
13786
9885
7723
7451
11551
6736
2649
9686
1126
6835
12982
10403
5083
3987
11714
11590
8724
12390
1307
1820
1955
1488
3163
12269
10992
40
2651
13166
11402
10249
11349
5192
6466
2226
5523
4656
5257
12146
13210
4764
6145
2785
3852
1753
9581
5735
914
8202
612
9079
3556
3834
4662
10767
1008
9483
2165
5819
4734
6453
3705
8067
12052
11891
3433
2423
12293
3733
13554
10947
9272
11537
7733
11923
2471
9493
12046
13919
616
4742
12200
905
8629
37
5574
9474
8508
8630
7264
12616
6159
7407
7272
2462
2099
2120
10781
3696
11080
7084
8136
7495
4586
8965
12767
11776
4247
5511
7114
3732
6561
9717
3360
1246
6274
12938
4714
13050
7489
941
11332
9459
12330
8130
5392
13323
12846
1231
1292
11620
2351
5277
437
7595
13588
5684
3850
13169
4535
12886
8478
5162
6224
7808
5357
985
2990
3224
5184
8742
3930
9777
12930
6177
7483
4339
7196
1589
9076
3266
11224
1202
517
3070
3170
7542
1182
788
2245
8413
12082
7559
8848
404
4271
13376
12407
10580
2122
2453
9108
13549
7355
13966
8603
7098
5239
6504
7580
2593
729
3796
8216
10852
10659
1860
3648
7059
8517
2010
13314
9978
2153
10600
13257
7664
3073
1811
9429
7983
6305
10564
9042
5487
10099
11326
10607
12925
12509
5091
12540
2609
8711
7312
5368
1269
9973
4197
11719
3236
10063
8111
5707
1233
4328
3616
12292
7036
10474
9929
9292
1952
11376
2132
7940
2091
812
4429
6703
12169
12297
12567
5971
8311
11305
10610
161
6424
10994
12113
9616
13301
8532
984
10384
11039
170
3404
4840
2674
3129
7474
4259
5932
5234
8896
7315
4903
11929
481
10573
5480
5085
1275
12389
1207
419
2310
7523
986
14073
10142
12975
4100
5903
631
1477
8007
9131
83
2134
8733
10201
3011
2469
10969
11110
3831
411
4812
7464
10699
2837
3551
3529
7973
435
13247
3179
13813
4375
8433
13174
10592
3578
4132
9982
13675
6946
13153
2725
11396
9953
7142
6548
13190
10978
9120
8457
1728
12168
8495
1129
13720
2977
7081
976
6376
13097
3613
1184
9059
4502
4688
10322
4056
13385
9528
5476
9529
10393
2344
6521
420
10605
7788
11963
7201
12030
13926
10746
7116
5720
4644
756
14039
11769
6188
6288
1475
293
11497
5354
1441
715
10964
2271
7534
6344
3307
6640
4997
11089
3806
12053
10883
267
6721
5761
13031
12929
9937
4073
3300
9706
11959
12598
4303
5773
138
5718
2956
5307
10155
12626
7830
8432
4504
9167
3863
4166
3175
7638
2908
7420
8763
7530
3265
4800
89
11571
9847
7962
11589
2487
2825
4805
6872
7177
11548
4820
1449
4147
9923
2142
244
10530
14028
961
12239
7200
9574
1048
4582
7316
6262
3302
8529
1841
3326
2643
5049
2390
6906
13611
9128
102
8091
1712
6044
12646
13609
11473
654
8909
11884
10743
4178
11997
1317
3514
10178
13925
9535
8051
13692
444
9507
5238
2938
1144
11526
4326
3608
7639
7290
10438
8713
4032
8476
8377
9897
3802
12508
3571
4858
13642
6085
3410
10880
13991
11215
768
10362
6192
7659
162
11994
2858
8768
9140
750
24
1744
12152
8612
3040
9675
7910
2274
2965
10771
1061
6550
12771
10086
13923
4702
7879
6488
13694
13285
7128
9311
421
6688
701
13760
8073
9388
7988
1868
12516
12916
5428
13226
2610
1160
7069
8196
7056
1684
972
9125
6494
5599
8473
9646
7086
13157
11409
192
7932
5767
2217
398
10557
1280
11264
4667
2378
7010
7171
9806
11602
10365
12673
5788
7871
9090
13542
9365
9420
11397
2755
5348
8512
2820
1157
2934
11187
12034
8784
7071
8506
10803
7470
8978
10270
3671
8692
3235
2164
6303
3970
9877
9345
12111
6991
6448
116
2404
10339
1384
50
7734
8838
1234
8636
7528
11445
10357
438
11053
6799
13953
8921
3536
8868
669
7898
11469
12879
12029
9233
11415
9795
511
6531
2732
1659
2687
13765
9966
4958
11094
13098
1557
4967
7095
5911
10724
3398
12219
11650
11951
5303
13968
9870
8486
1500
9095
5008
303
11263
10093
12431
12179
1133
8752
11146
11014
12947
6705
4444
8020
13621
9384
9454
14031
10440
9549
5440
12557
8824
6761
3925
3254
2680
9663
5709
9609
3353
11267
5792
8594
121
1596
13839
9763
8240
6087
1530
12658
5411
10739
10417
4666
1616
9726
11954
2195
7039
2396
3680
466
5901
2556
8875
12497
4268
563
2590
12485
1511
150
7458
5080
1354
4162
7576
688
13798
911
8782
6140
3438
7698
2272
5288
2608
7362
389
12110
8601
5215
5794
1120
1714
13401
2141
3751
1490
2597
5518
5032
10214
649
7791
8103
9395
11212
2606
8280
7604
11971
11121
4169
4712
9175
12924
12077
2924
12349
4332
10292
3737
13464
1432
6138
4344
6506
6049
6366
5618
8304
3147
10588
1701
13004
4993
1110
6858
4626
1321
11185
5802
2937
9649
12685
5098
3135
6308
5149
3531
4255
10839
3392
3997
13705
9855
8133
9432
7753
11491
12397
8530
10451
13742
13403
12253
11626
5638
2828
5570
8791
12339
6408
12570
8972
11298
7309
1019
13893
6353
2279
1547
9312
710
5744
13851
4107
12814
7423
6746
7852
4234
4973
7205
13062
5859
11688
4192
3677
6100
10410
13268
7625
6418
8599
186
12672
4446
6894
21
13709
5627
2193
10797
9513
2258
8528
5396
13129
3855
12716
1091
5737
4792
13730
8816
935
10473
7721
8340
8188
3046
9236
8759
7028
1445
4135
5894
3867
9836
4253
10185
9353
13310
8395
5287
2098
11675
10208
9118
3504
3768
6349
6953
3913
7235
6474
8693
1214
11524
12371
568
5847
12142
8499
968
5240
6905
13207
8139
1181
8780
4578
5642
11629
7553
5418
7207
760
8180
7394
5057
412
4070
3747
5227
11233
11560
9829
7440
13316
801
11836
5553
5014
6751
4163
1047
4195
1878
11427
4360
3766
1174
13869
12484
8915
2566
6307
8778
7149
8502
12571
7675
2457
2095
12903
8010
2337
4496
7555
8547
325
10031
1439
5378
9703
4077
2576
1320
2502
3721
7929
12469
2601
10532
10289
496
2243
8836
9368
7742
4106
111
4775
374
13776
13060
1364
11584
5950
4363
4155
606
11601
7030
10867
90
8156
7603
10630
9917
9805
283
7912
8743
10878
4373
4499
11634
3729
10921
169
7371
7827
10236
8150
682
12432
10538
6242
6525
10604
9290
433
7328
11442
1536
7948
8110
12872
6130
10983
11730
4917
3290
3324
6957
2365
1476
4814
8605
10139
1752
8995
10290
4642
7967
3847
14083
2667
8727
13372
11231
7935
13164
13640
11892
2973
3123
8540
2408
11752
820
9924
2219
7061
1436
9867
6185
2521
6031
4611
7829
3141
1161
10906
10626
7748
101
3692
4981
12604
298
11722
2842
13537
6795
7281
11312
4875
5745
5495
6699
3071
4947
2771
4824
10309
5189
7631
10912
10116
5327
165
5769
25
4610
2301
9043
12247
12737
5093
833
13952
10977
1835
9921
6456
8627
13293
4704
9417
4489
2859
9000
12761
8936
3824
1167
10400
9654
8471
2845
9147
730
5276
46
12693
11926
12227
7952
2890
10698
3257
9618
6345
12539
8587
7755
3701
14054
13836
4050
13075
11001
12905
4918
1342
9174
7062
12657
3890
9017
6005
14021
8663
1919
4996
5566
11232
5658
4540
2250
9931
6634
13957
11339
1448
6530
9525
7545
7430
2146
13846
7869
7909
4092
13667
6543
13052
784
3005
4064
11217
7176
3661
1622
8134
810
4120
12531
10725
13353
13615
11516
2497
12785
690
13233
8740
10844
13276
12696
7538
13486
6756
1336
6726
9261
11983
6615
13853
2523
4705
8760
8325
12866
5125
8444
2282
2714
7164
7702
10331
9484
9070
12434
10122
3069
11378
4180
5918
8040
12504
1435
12518
8741
9371
3892
13470
2936
4843
11576
5300
12878
722
1232
477
10350
9853
8646
11355
5019
12709
8354
7972
1804
13405
13145
13274
9385
9117
100
5672
9943
3388
12252
2605
12044
8283
4543
6542
10785
10215
11029
967
4012
5831
4739
4498
2888
48
13017
8037
11580
4905
7578
5210
11194
2850
10672
12085
5255
12493
7363
4156
2172
12385
12163
3330
12839
5076
8677
764
3269
2760
6842
3596
2081
12249
1077
12655
8726
8880
4296
8244
3595
5247
11882
10041
5990
5078
3072
2724
12860
3316
5219
952
2162
7766
11547
12380
393
2843
13459
11172
10990
9406
4406
12377
8845
12457
7875
8058
6314
13012
2125
4146
11483
7332
797
2805
6638
12232
10216
9901
7496
5641
7047
697
7276
11531
9883
6765
5347
7657
6110
6954
13011
8176
110
6081
1268
904
8980
8412
8829
10670
14060
3804
4673
10765
4387
13043
600
11240
13452
8151
11691
1852
299
9964
7649
2449
7499
13071
11148
1971
1017
2857
8550
13722
13389
5055
2562
1291
13616
2642
5397
4565
11440
9723
12580
4204
4034
6779
5936
3422
5442
9316
6725
4856
10793
1816
9926
8489
4664
13483
2801
62
4466
8988
9064
3449
1718
13699
3199
3528
7770
3469
13982
12863
973
5715
11998
7322
1713
8253
8908
10
4778
9049
3281
9065
7919
7119
10695
2389
1966
9089
4127
9864
1729
6489
9338
4613
2626
9919
7543
11017
6637
1150
8668
668
7450
9839
7195
10377
1510
6174
1537
12850
4370
11159
7072
11452
263
4883
9741
4450
733
4037
1015
13826
4331
11889
3550
8919
11476
5207
13451
9719
1953
5688
10295
2509
9730
5565
1188
8715
6183
3239
12503
6169
8212
7204
1519
3974
9639
3709
5152
2513
12319
2388
3384
10080
1590
813
320
12382
5229
5582
7885
5546
10338
12439
10394
60
2832
561
2728
10662
655
13482
8975
12552
7105
2326
3309
8272
118
305
2880
10531
4964
6417
11597
6104
5027
4338
2848
5996
4352
13001
7671
2316
11791
4295
5503
3226
8407
2925
7329
10023
8825
1990
10435
2861
8898
7163
11168
4660
8197
8004
11910
3183
9577
8572
2613
1715
6204
5647
7756
8306
3939
8787
6557
7064
6910
8735
6380
11182
4284
6176
6580
11747
3937
14023
8228
3495
8924
11202
4699
10732
8246
4347
9542
13491
2436
516
3094
5259
9697
10087
6536
10551
11407
6760
9818
3984
638
3886
9712
10055
8676
965
4022
7369
13618
9880
3927
9094
5383
6612
596
610
219
2745
11759
11672
10736
11242
9227
12721
3394
11966
9996
7020
12176
5885
6452
659
11785
12033
8967
9625
12496
6446
8195
13639
8055
12759
3975
13822
13027
9472
1013
8230
388
10271
12898
10751
7261
714
9366
614
440
13672
10836
9139
8520
2708
4114
12306
5391
9193
3644
11511
8129
4682
11633
1570
6217
5908
12072
6006
10291
2992
5586
13218
11611
2036
9789
5200
11371
11400
10997
8025
4943
8621
4648
12483
10124
8894
8400
3189
6116
11598
11674
11721
10373
9038
4769
8089
9665
8813
12184
6126
557
13024
5904
7908
485
8817
11023
10886
7245
13791
5039
4224
12352
11538
8336
5010
5516
11411
3666
13571
6944
4188
10945
8116
3946
6238
3683
9448
2286
2327
8945
12265
2169
2382
7549
3004
9767
1612
12124
4024
11732
3270
11454
4574
13605
3842
5045
9263
13808
10450
2448
8173
13159
5878
3272
9782
9359
6825
13480
7015
6527
3809
7210
3592
2544
12070
4467
852
7018
13453
5912
5711
1039
5355
8393
7073
8501
11857
1748
2200
11757
6774
7191
8385
12218
4645
4876
13748
8795
13646
6613
4088
10323
9158
13649
9405
9700
1708
1824
3471
2110
5522
5732
8398
6738
994
5070
9570
5218
1855
6921
6358
13534
9965
12800
3885
3434
3523
6379
10475
12801
120
4982
11197
1656
10516
1736
2015
12474
13023
3717
2431
5634
12403
10911
709
11705
5434
6498
13406
10889
3546
2768
7441
11726
12627
10092
11625
13548
12859
2381
4186
6163
7994
7193
122
7863
9397
10608
5299
8525
7961
12122
8861
1666
2499
6377
3039
8166
11078
5635
1263
2821
2266
6221
5920
2621
8765
12372
846
8461
4154
1283
8490
6064
12141
3452
10057
3626
9356
7577
12544
3003
5073
664
13607
8698
10026
4072
10344
4030
5274
1327
11297
7685
10871
2588
13726
2734
1565
11238
6794
6528
8391
5963
3686
992
11000
4671
11294
7145
8234
3555
9135
1237
9690
13433
11700
9066
13673
8017
3212
7976
7536
4389
3684
4196
5044
6449
9075
6763
54
7246
2774
1098
5921
4184
11847
6075
10396
8705
6512
11502
3343
1262
1687
12650
11338
5329
10154
11587
913
205
1514
670
2675
10188
8472
7007
3342
3605
4250
10082
10783
8855
5947
12368
1882
1062
13492
5103
1658
13277
12831
9628
2607
597
6212
3513
3447
6566
2980
12203
4689
7591
13466
4721
6001
11811
9634
6811
11604
9512
12156
11993
2244
11043
10792
4632
5959
10676
12482
8669
1484
1980
3530
8961
9164
7923
10868
4167
9595
11441
5860
3625
1620
950
2852
7426
2907
454
12373
1797
5311
5250
12659
9886
12589
6259
5305
2483
7110
13894
2168
2358
10535
6209
12084
6958
9105
3750
1301
4176
3057
12347
462
1183
6639
639
9063
5872
13002
13340
5830
10051
13754
11308
11527
5291
6229
11967
1467
5941
3830
884
10247
9018
11010
11303
7632
12049
10927
2192
8564
7113
1764
7393
6195
6122
975
10669
4521
11978
2347
5356
3518
1564
4116
8028
1114
5725
6296
4758
8958
5696
2681
7079
4556
5559
10492
13239
2930
10916
3150
13391
3106
1051
6940
139
4795
12507
14087
1960
1087
4104
8565
145
12787
11087
5043
3233
10028
521
11022
9411
6837
7153
2293
6389
3242
12636
8686
13271
880
6248
6559
8846
11779
12884
10233
273
9375
10200
12550
1908
11059
2321
13054
2136
8507
9251
1
7979
7626
8983
11135
12524
1902
10123
7377
465
2743
1695
10336
11864
11258
8404
4887
10614
1512
8783
456
11243
8232
13516
9428
11180
8120
1466
7435
7633
6673
9163
5084
1976
10196
13647
3893
9884
8056
13320
13825
7485
4802
2793
13623
4407
2416
11275
2346
2493
10421
12747
5313
157
3015
6247
7335
361
4151
1276
14115
10523
5949
6735
10401
2803
8046
10581
3116
9220
9732
10813
13473
1078
326
11632
226
6451
10951
4422
9516
9109
6396
5750
3844
252
4206
11840
8773
7243
6812
6718
5244
3357
1606
4553
1778
4329
13317
9983
11608
6797
5056
13745
3377
13916
10778
3532
7237
10328
10180
6617
6393
12572
7463
2138
1089
2512
5020
14103
8933
6976
4901
11363
7980
2988
12764
7138
5474
10622
5913
6398
10067
7303
547
2989
1645
3285
2375
13802
9201
8689
11914
9889
8635
4701
11251
7807
6371
1858
10838
6284
5332
4846
9176
8628
13096
10016
7308
7917
12313
387
860
10433
11333
10902
3176
8140
11109
8998
13518
5213
366
6399
9016
8997
7228
2603
4675
6680
346
11561
10734
2666
641
3506
10747
937
195
8335
9908
7220
13430
13447
7934
1328
12802
7001
1842
13231
6633
94
11793
1974
11920
11835
8112
9815
1335
3152
13251
8487
13803
13683
12852
4205
8642
11660
1434
11521
8470
13581
7586
4547
11760
1717
13845
5222
11754
6695
11392
4287
1763
10275
470
13533
2652
1634
9981
1261
11637
1698
7341
11697
4723
11641
3564
13047
4075
3228
1786
13296
8182
9303
9308
7299
11504
1447
2084
8974
9640
731
2883
10684
376
10874
4449
10975
8109
3598
3483
7737
550
2949
6355
6664
6246
4989
4590
13520
9858
13859
4601
11353
10773
1123
11368
5768
9050
4210
1274
1173
1754
3708
9553
8939
2864
6666
4001
2707
3426
13360
12028
5805
10526
8580
4659
11406
7582
12187
3022
7521
9878
7410
4233
8105
4914
3292
12419
4806
4877
12549
11348
8920
7360
12151
10782
10707
2868
8023
10789
13684
1637
542
9082
11489
1664
4518
12205
6737
3615
7121
2661
10885
5180
13081
12749
5241
7419
3240
9033
8803
997
6646
2530
10577
9410
126
2516
3365
13676
11025
12161
4000
11500
11671
13536
9360
4382
3552
12986
6476
285
314
3658
1809
5461
4934
684
2752
987
2181
6402
6480
1581
3008
9784
4229
12204
4508
1741
7623
4033
2107
11558
5352
7760
789
2698
5306
9348
7198
10611
8466
5857
5336
10946
7650
2919
10846
13723
4931
2751
5796
7884
7008
7890
1604
611
12375
720
6273
364
10834
1260
11944
9321
9250
6347
4926
300
5881
2238
2304
3522
3900
6985
13264
8633
7913
7905
8301
4895
7214
7708
7663
1101
10645
10619
7402
13711
1921
4036
3032
6394
8706
4646
13988
13315
1121
8079
7551
4774
1556
11734
5873
5209
7187
2713
2764
6710
12786
2829
10176
7636
8143
13575
3641
988
5784
1610
6179
3023
7835
7686
665
1245
11256
9438
4937
4288
1900
2440
13177
5563
12622
1627
8584
2401
12620
7353
4718
2773
7878
1020
12150
11911
11393
1815
4842
4285
734
8744
8586
8302
10229
3196
12277
11155
2305
11928
5834
1370
11907
7978
8516
11827
5929
2156
7404
12832
13065
6963
8879
11974
9106
9394
10989
3006
4386
5455
4780
5185
1471
5106
3612
10655
6684
12143
6589
13638
194
10258
7918
3527
2787
3887
13895
8557
422
7310
1107
2571
8626
251
9012
10899
1674
12529
5948
7452
4990
3572
13440
2928
3497
3371
4484
1351
1264
2280
4826
3130
4638
5991
8455
3460
13013
6032
6571
2596
9504
3631
4971
6245
12780
11786
279
1223
8548
7049
14033
5558
1352
5883
1038
5408
13484
12546
5339
8990
9533
12050
3754
11362
13235
9481
5097
2678
8287
2313
4589
3280
12512
12701
13454
9286
7554
4272
237
4403
13346
11161
5038
13128
5484
8030
13950
12665
11026
1631
862
3920
201
7406
1113
13034
5631
8751
2611
3861
8772
11656
2294
3992
4159
754
13025
7298
8123
11539
3096
9310
6092
10320
2600
3791
141
1332
6754
9932
10089
8685
347
11245
11823
4548
8881
10625
12423
12592
2565
713
12712
7653
12374
11902
10330
4447
5610
3574
13662
1430
2366
2587
2995
6123
1871
6184
7621
6977
6611
5897
12946
7882
6574
10498
3780
1813
12624
8203
13744
12494
6547
11550
1526
7339
9852
3617
6054
9173
13449
10133
2129
1711
10901
2419
12467
4544
9894
1670
12595
11274
12943
11134
3968
9004
7152
9568
3283
7135
166
3009
2985
188
3950
12883
6936
13981
12420
12560
708
33
7643
13204
2993
6672
11523
10749
5502
3401
6817
9020
9728
3019
9122
5153
7004
10862
2139
3155
2629
8063
7403
5130
4911
5088
11741
11
2581
13469
1743
4426
12195
580
5620
12506
1228
1248
5766
4874
6572
779
12818
1987
3798
6458
6249
3245
3877
9551
5390
3399
13768
11334
8024
3466
9757
10198
1243
10355
10430
5886
1551
11223
5791
3251
3171
5161
4813
10848
4728
11800
11247
5865
5342
4957
4935
4377
1833
959
9115
8523
7692
2974
1555
12174
11330
5632
3364
11639
1456
11679
9711
6469
12720
3682
12199
5021
9071
13793
7213
2380
6442
13543
13811
2802
4101
7002
12284
7992
7836
13877
1147
854
3238
125
11566
3391
3100
6648
6281
5282
3775
13643
10545
11005
12805
9249
1938
9463
3479
3453
5490
8438
3148
11694
3697
2252
12593
6861
12817
2354
11181
1139
14104
5326
3
12461
6522
5193
11533
4221
4025
8298
12542
9539
11599
6493
352
179
12071
2806
8872
7437
13300
2870
3169
2549
2073
13917
9378
5864
5420
10915
2770
2216
7861
6256
2694
12826
11119
8810
362
811
5341
4341
3102
11522
12893
9162
3575
8029
6270
3614
1735
5122
137
7217
8108
2222
10663
5902
3856
1651
8094
11751
12351
2306
5615
12652
7725
7294
2514
13254
2532
5404
6340
214
12215
13356
9821
11413
8571
875
12433
12417
2612
10729
4292
6782
9979
9320
6701
6103
3735
2602
831
4301
3848
5820
10047
1191
12100
4091
5524
13446
10755
2167
8000
834
1529
4134
13321
920
5243
11631
7975
68
13149
3941
5870
5670
3225
2418
10930
3017
809
1366
8102
8794
7749
7074
5379
4694
1025
11450
3800
10616
492
12596
717
8374
6430
13514
3998
4063
6770
12255
5685
2336
11299
13160
1146
4891
9636
4260
13412
7991
3430
7076
4652
2069
757
533
10319
12045
3317
999
10469
7747
8172
11735
11635
504
8481
9930
7111
1662
3403
9887
8482
1836
9922
9613
9797
4282
2269
6033
1720
676
3373
1481
894
9190
9383
7873
4832
6862
3557
10701
9102
1056
8842
13424
13135
2267
650
482
543
3416
6497
6686
12632
5249
9461
9801
2123
11628
1584
12881
9440
2807
1164
5290
12127
7943
10554
13551
9727
3545
11710
3349
4507
9252
10456
11013
10117
6161
12591
14116
3843
3958
7482
551
11591
671
9239
13898
5602
6055
11805
2115
10426
13049
7579
10907
8159
6232
5957
9582
1068
4745
6040
5065
10225
9941
9413
12104
6431
9760
5593
5958
8388
13250
10563
4933
10360
8384
318
9373
13392
6315
3082
6370
2962
191
5592
683
7490
3811
12305
6833
4045
7251
4111
2001
6124
210
8135
9006
8284
87
5117
2862
584
3945
946
11422
1731
12667
10519
4454
4841
9832
11227
13521
13625
3405
5400
2819
268
5359
8579
5597
6790
4581
3461
5985
7958
12155
11869
10496
6302
1461
10779
4207
9642
12348
13632
8132
486
8533
4916
3145
12607
6607
510
13761
13888
3047
11366
11645
804
12379
13879
1827
12675
4437
9608
7375
12976
10631
10719
3803
13954
13561
11879
13331
1696
10340
9560
12753
13868
9145
11444
11128
7697
6482
2662
3024
12568
11556
13119
13847
1319
818
3744
1244
10892
6223
3172
2215
9055
707
9400
4310
9972
7070
1259
9985
2999
9692
12714
4436
9537
5448
233
8673
1290
13303
12456
8749
9575
3623
9548
4102
11177
9770
452
5603
11654
8776
4760
13288
10683
349
6153
1726
7226
6362
403
11695
11421
7902
5549
12266
5630
564
11880
1642
11512
7297
7938
5601
2869
9531
1866
3194
11505
7180
5360
4323
2102
10121
9543
2196
3063
2686
1381
1053
13407
8062
3515
5431
10253
12755
8545
11414
416
12240
9871
8822
6742
11577
9142
6290
8061
5
4366
1964
14069
4940
3535
8142
12333
2788
6621
5756
2886
12398
10914
11640
3923
297
8160
1550
5664
3601
9382
2077
1006
8938
10397
12684
10923
13814
10095
8441
528
12191
13450
3260
3468
11992
13393
767
1465
9007
1725
1344
414
6036
10043
1109
13922
4086
12597
7068
6806
748
9597
66
552
304
2574
9183
12410
13494
8522
11943
8323
615
8811
3291
9687
11976
9619
1722
1084
1440
5403
1007
13229
5729
7173
9341
5989
4148
5772
995
13613
410
3978
10757
4164
6616
3045
11319
8367
6182
13677
4980
4123
6136
2922
7347
13740
7524
12321
8419
983
12514
1427
7900
55
334
9048
6586
6932
13559
12234
1096
4402
2145
6875
8590
13051
9433
5994
12295
11733
13907
9238
10555
11812
1914
13710
6747
1614
11287
12669
2813
5669
10259
11129
8754
2815
12451
2409
10058
7842
640
2490
81
11802
5728
12642
3473
9685
9994
4522
3972
13068
6171
12427
13648
5775
7532
10905
1208
13411
212
2444
9386
7806
893
1437
1617
11858
4598
766
11709
12409
8614
11403
4510
10327
14050
7327
1034
2809
395
1023
11743
1367
14049
4007
1024
11145
10584
3259
10476
13328
12754
2710
9092
9077
10415
5142
2353
5050
2589
6425
13030
8153
3378
11838
1050
8792
10447
11052
2451
569
11986
1067
4057
12334
6282
2105
11056
6409
1686
13578
10547
9902
702
2097
1872
10594
1562
10388
10321
6252
5176
6468
9363
11753
445
10548
13417
7268
1452
9684
11325
9421
13829
2246
242
5960
10046
13076
7256
10733
13842
13163
5987
10762
8295
3516
6218
3949
4834
11345
11047
5882
11801
7132
4653
6400
1818
451
9769
7223
7648
1685
11437
4621
502
6815
10334
6342
8654
1681
11583
9612
70
12180
5139
10040
2369
3838
6687
11459
4005
3884
196
10998
7933
2577
9390
8755
6931
8241
11356
13488
9604
6937
4028
11724
12741
5116
117
3314
11692
12262
2756
4904
12505
11112
3315
10024
8469
6740
1762
2688
7772
7566
4680
4133
5066
9231
636
9920
6014
4693
3139
12683
624
4388
6987
12007
13409
446
13138
1316
7519
10137
4803
6187
11513
12869
11401
2952
6996
8914
3142
10618
10300
11196
8215
5547
12459
6554
9184
10960
3511
6674
7838
5148
12035
11723
5297
6895
367
2721
4562
6097
6121
453
3569
12958
7954
6829
6260
9200
5692
11038
8485
14105
10745
4251
5443
7112
5423
4018
8118
12758
12991
9245
2506
11085
12534
3566
4757
5375
3638
6610
12499
12663
2135
1031
3409
9112
2935
5371
7709
8303
8013
5482
3649
8943
13141
12438
2435
782
11866
7088
7500
805
1355
9951
8450
4211
4432
13856
12666
7856
4602
2183
4452
3667
11610
7442
6618
1946
6207
12617
8206
3902
8709
5562
1028
6464
2100
13619
7242
13843
512
4262
13282
943
4054
10956
206
4246
6558
5956
13882
2405
5596
6509
10549
3104
13565
12511
7736
6093
2093
890
7211
5214
4554
10583
10703
1383
11713
7239
2535
8814
9600
3718
7960
5779
4763
3792
686
12981
7887
3213
11214
86
5683
6729
7042
11756
10657
12829
10437
759
4831
8968
4270
13419
1258
11475
7660
6339
12425
8141
9156
11184
13147
7818
10623
3786
11260
8672
1417
5600
6830
13617
4291
4095
7078
798
11021
2312
8282
3727
12241
10131
11716
13259
11160
6515
12936
1807
3164
238
2614
6599
10806
11934
9720
11226
322
9424
6215
10963
13540
4081
10468
12080
1973
2648
13083
2394
7601
5009
8271
4261
7570
538
11016
11605
6414
3133
13179
392
4622
3935
12109
10157
2223
5789
3158
13206
12336
4753
1037
5041
3845
12569
2395
10731
3814
5145
1934
1027
14082
10490
8194
3872
8462
12288
9734
11343
6015
11909
4168
4161
3784
262
7635
8119
12056
856
13801
5269
1543
6630
4730
5927
3932
5422
13245
2300
4440
1251
3097
5506
13695
1158
1702
3676
13680
5917
4239
353
9974
9633
4009
10231
11878
5815
4767
12320
9534
11051
5344
12401
3820
1506
7186
8483
1759
11839
11351
871
5668
10829
13061
11746
4004
2702
6907
7077
5659
12119
10799
2121
5110
9297
3731
10072
12206
5294
514
11810
10962
13971
11852
4837
7684
5776
12795
8342
12013
2830
12019
4244
6793
2385
11448
4928
3573
7321
10973
4719
6891
13933
1605
8976
12922
10722
11485
6984
10326
13602
6660
13058
4936
8128
6661
11851
3185
12465
849
11613
5191
12853
10049
5040
6285
12095
1003
9594
1066
5187
8281
12799
8326
12638
5281
13668
3322
5554
9185
800
13703
8553
944
10429
10297
4356
1898
1479
1822
704
4218
10991
5331
344
5188
11886
9159
12585
1093
3986
1054
3362
13629
10689
8555
9933
4203
7858
4110
323
12827
5507
4242
6107
6460
2528
8558
2474
13552
4398
6867
6627
4122
2094
8034
3041
9773
8380
723
6007
11826
1187
5101
11845
8882
13591
12250
10279
7292
8697
8394
10758
12198
10135
4222
11246
787
2700
5701
6933
14064
12535
1438
8449
5481
432
1454
2921
7107
2746
450
6076
10569
12446
7456
4512
3216
3600
5177
9977
7167
6741
2840
6254
4427
2981
3753
417
9270
3036
13133
6624
8748
6166
3561
5246
12700
11117
3710
12329
2356
8917
5970
13479
11175
4822
9357
5793
1983
2160
5945
9909
919
8802
705
2699
133
7343
3674
11307
270
5128
6820
10367
7143
1992
8753
1030
2885
7655
9309
8235
9709
7936
8003
11031
6157
6622
13170
11720
2149
13467
5555
5589
5260
9587
13427
2554
7057
2443
6855
7424
11315
1278
5573
1509
6447
7906
829
7931
10405
12402
434
12416
6698
10501
9611
6299
11890
661
6681
5198
13601
6810
2970
10226
855
1285
12089
7314
7605
13562
9403
917
567
11819
3184
12689
19
6346
123
13769
9511
6581
5799
2665
5268
6783
5906
6505
2465
4417
6863
4558
1249
2984
7546
7986
3500
3822
4479
1733
12081
275
3961
7651
2917
10996
11477
11848
329
10071
12501
3704
12144
6766
4561
8137
3369
6436
13570
5286
4038
13887
9509
574
10213
8602
2080
9682
687
8341
2438
10217
13771
4523
8146
3741
11082
14114
9097
9579
9824
1655
3061
13669
13140
8251
3565
12043
7527
2876
12892
5961
9377
11569
11552
8940
1520
5380
4117
9695
6849
991
8738
7673
7615
12871
4868
3293
9693
1253
10181
3351
3542
9583
2693
3337
6846
4736
3188
8077
8370
4342
7462
1831
7387
1428
6413
13137
9482
1154
4513
2470
13577
10651
10383
12212
7812
3665
3304
6365
7082
10494
5975
6483
11925
5505
13225
3520
13472
5759
1710
3435
11173
12757
5825
6947
6841
1018
10730
11615
12686
471
3451
6685
1119
1926
10315
10083
11341
4453
6827
1073
9838
12378
190
7421
8702
7999
5890
7854
12487
1423
9580
10262
9350
8950
4083
799
13167
3547
8851
13500
10029
3252
2130
11918
11387
5560
6422
9725
10987
8876
6545
4420
8437
5660
5498
2730
1032
9264
11668
11658
1298
4412
5430
4112
8944
8463
3725
10943
13718
7880
1281
4998
4995
5113
936
5693
7248
6462
10145
4497
6367
11737
6535
8286
10859
5765
13547
11894
8345
13373
8435
9319
10042
12705
9008
9980
8439
10845
10687
230
10015
11525
10001
13880
3817
3841
11515
8578
2143
9304
13967
2007
14102
895
13713
12157
5680
3560
12979
4380
8382
6463
8452
6537
13535
8050
6046
3604
583
4469
10491
12005
5508
5000
780
1865
13410
7894
11070
494
1095
418
2823
12821
13267
13655
12298
11999
9993
5086
13338
6969
2580
11867
1812
2377
6079
7847
480
5094
6791
3274
14032
11981
1055
9455
7120
7267
6813
6880
7612
12032
6869
6022
1472
4098
5499
5458
8208
5629
630
6771
12698
642
5412
7352
11985
26
11150
11816
11946
5377
13278
5884
9911
8918
9262
1694
11237
3929
5034
1619
4681
13688
12941
9664
13212
11398
12436
7512
9915
8893
7907
11099
3755
8719
3273
8524
6211
1356
9576
3026
10760
9037
12041
1906
12125
9230
7025
5748
11772
9491
8443
2534
11088
2786
8161
5468
4019
13
12257
3534
8962
4511
2322
3494
2655
10661
8171
7834
4969
8415
13657
10310
626
1740
2939
4700
2920
3498
2191
13354
7311
9564
9523
908
10833
11465
4405
4919
358
5822
4066
2594
13390
187
9860
4304
12448
2241
11738
9034
2090
8786
3059
8566
6966
3463
11690
9103
5007
1074
6885
1981
8355
6311
5552
9349
5393
13026
769
3415
3748
10283
13501
3983
14077
4865
5895
6167
5381
6913
1691
656
7326
11673
10504
11777
12311
10189
151
10098
4153
6351
10199
7409
929
6902
2854
3328
9476
6275
12556
4346
3153
7092
10714
10273
9464
7202
4139
6354
3347
11300
2496
4353
13211
9910
1141
5868
3908
7342
13958
12479
7939
851
13283
6909
10263
4893
9667
3489
1494
5264
9521
4212
3783
9165
8100
3321
889
6839
4020
7572
10380
330
6445
4482
11463
11350
12248
2690
1491
2204
6804
5150
10520
6860
9945
5663
7787
2004
13985
4113
3249
7840
12942
7927
8728
3149
12350
3088
9224
5662
9641
12548
3051
12774
11603
8779
4922
5262
12772
7599
6074
11268
7548
3773
4907
10090
13337
7227
8372
7876
378
8923
13580
6067
4583
2796
6768
7901
8609
12545
6777
4683
526
6086
12086
7955
2557
8364
8951
11803
6253
5115
3652
10873
469
3472
14100
4283
9755
6926
12083
14066
8460
7715
12577
4567
6486
9222
8947
4839
8
7886
8012
882
2958
4419
3043
2005
11789
8891
11140
4399
632
3567
4055
7472
10937
5856
13832
2264
6529
6598
12940
5496
9677
4709
10685
12226
13168
2495
8895
6748
340
5011
4171
13324
3868
12990
9361
5228
475
8175
675
12228
5953
11661
9030
9778
9402
6011
7674
1140
2744
8645
6364
2338
6805
13172
8115
1216
619
7691
236
13511
11192
11165
3857
8964
12566
13074
7258
1497
11972
9346
4768
6194
8484
7705
6593
12623
7212
9288
5308
4539
11370
13045
2525
7731
8048
3366
10056
7781
5968
13069
8704
1149
3125
13234
10800
5013
6114
9615
12670
13418
13555
2647
1470
11564
8574
4372
12812
13524
12576
13368
8729
9372
12588
7236
4744
1598
216
1661
9519
3964
12750
6492
11562
5140
4035
13010
1996
7014
11745
4685
12984
64
2303
12619
10314
922
5320
7125
5714
13630
97
5848
3797
11931
460
7706
3509
9114
12587
3178
3295
1577
9569
13311
9722
7449
11040
10152
8874
6873
5832
11386
8840
8231
1843
3056
677
11961
8224
140
8167
3590
5370
7728
12687
1904
11285
8273
3951
8405
3637
11940
13678
13546
10140
7031
7115
12042
8254
5861
2074
5421
4381
7703
13156
7537
6059
2944
13394
1254
2472
8717
13989
6268
8498
4871
14117
13215
7188
3936
8660
10837
1591
10658
8899
4376
290
5012
1000
5909
2624
11118
2950
2547
5137
10595
1615
3712
3294
4965
7174
1875
2550
1738
4819
7058
1639
9762
7896
10690
8932
3714
10805
1503
8866
7794
13589
7662
10881
5724
6908
2663
4932
13456
8084
1879
2742
10953
11833
11806
7592
11395
11616
12418
6066
7089
4040
4096
11178
3380
9302
8757
3570
13816
2818
11534
5726
10818
13739
5892
4286
1850
3647
12519
6287
5644
10582
9171
13763
2604
581
5160
7575
7468
11528
9051
10232
6786
12264
7055
7024
7465
6927
993
11478
6220
795
2847
7380
500
3994
8390
2218
363
6694
6892
1388
292
7184
10025
11304
93
4501
1793
11704
8165
4752
13154
8186
8011
13766
4281
9771
11288
948
2374
13404
10363
10443
6208
7831
224
7661
1579
3603
436
13032
3639
9984
11405
5995
5367
7109
5869
6755
7628
6419
778
8591
6654
2871
5751
7672
12825
7471
2343
3368
302
13582
6609
464
7574
572
12310
1582
3312
2185
2539
6968
8299
11563
2340
1155
9976
12166
12171
4475
1969
9150
13289
8519
13038
2720
6313
783
11063
1099
6084
10513
5572
11360
5676
6645
13161
6384
3874
5280
8981
8277
338
4733
11762
12823
2891
253
13503
4238
10715
10609
11142
4361
7219
6251
9601
774
13505
10691
737
9879
7274
2747
9119
9339
3846
3187
9470
5899
5196
2209
12108
12023
1297
1205
4199
7501
8608
13733
2461
6565
9369
7611
3916
6563
12995
4825
2494
3400
10382
13545
9268
9787
1201
1112
341
12296
2259
3385
4150
13219
3439
9291
5933
10466
13432
7414
7893
10054
4738
2810
10795
13445
839
4327
3296
5159
11860
10567
8634
4099
1142
8181
3988
1504
1117
5466
9267
848
9701
11154
5459
4526
8193
5992
8905
1837
4573
13039
10114
4476
3376
9404
3519
12092
10500
10708
11947
7054
5749
9187
7172
10312
3427
602
4368
3480
13366
5993
12994
1468
4954
228
7739
5111
498
4457
6546
912
6584
8071
13232
6879
10254
2631
10842
5415
1250
902
10192
9875
13875
78
12500
4724
8796
4576
13493
13318
9837
12707
7013
1295
7287
2569
2357
5402
5325
13600
6743
3926
7275
10218
8731
158
1785
8716
5427
5628
7263
10227
6088
10061
12360
5445
3481
9130
11874
7368
2201
10419
1917
8568
763
2332
4124
10293
2748
2753
13741
2929
6115
12020
1730
11935
6625
977
12528
10509
13496
8890
6219
8607
10759
2827
5042
12117
2257
1220
1163
9
1781
13146
4481
13949
6432
6567
11249
3777
12415
13970
6700
6373
1732
12877
13904
8337
3977
427
8125
10686
2811
11346
9426
12283
4735
4727
2808
7159
4309
171
5698
1595
11065
11428
11595
2116
9584
13084
5296
10894
6692
13187
11618
8606
5271
13714
11174
545
13945
7160
2963
10412
13849
3014
9796
3618
10105
10128
7606
1499
7238
3140
8121
7874
10316
9780
13812
75
7288
836
12224
11106
7270
4128
2660
2735
11108
11698
955
12956
6304
7670
13243
13132
3177
1127
4577
6137
8016
225
9113
7433
11623
13964
7282
7740
9754
576
12452
10464
3505
3559
4014
154
9355
4052
4441
6706
3412
4298
6235
4751
11530
13752
14065
10038
5069
4857
10052
13458
651
13976
10754
9843
207
12756
13088
4084
8138
10957
4771
6024
5006
8456
12048
11054
10481
12236
6971
6708
7155
3749
1989
8065
2726
3354
167
6579
47
6787
12679
13238
11919
2887
10738
5797
2475
9912
13685
1487
7130
12917
2546
5619
1897
5292
2287
4307
1373
8360
13180
4267
13773
1825
13569
7486
6052
10467
12703
11861
1521
12748
11424
9446
12733
865
9157
1893
4755
11498
3636
9427
11234
12890
4330
724
3255
544
9343
11581
11849
9988
13780
7569
8651
8900
6144
5242
3870
8734
7124
327
7041
9503
9415
13810
11179
918
585
10850
10241
172
11518
8464
3790
9850
5812
5695
3829
6186
11380
12209
11003
1483
5880
1011
1703
4528
9488
1252
11862
9285
49
3111
1176
1890
747
9716
8708
12225
9479
1951
822
13697
3444
5689
11689
13867
5580
7108
13743
5406
11699
2248
11514
11191
9676
4779
11481
439
9605
4930
9068
7837
3883
11853
1094
3012
6233
6884
9631
6800
10485
3583
13064
9019
3711
13906
11462
3582
12856
6155
8222
5747
6149
9226
4854
9409
5120
10452
12649
1105
10766
8124
7990
5479
12346
8834
7123
11369
7439
2599
4435
5934
13764
12016
13421
3837
5817
5467
8117
3457
11011
5100
13598
7162
12932
6859
13866
5824
2697
3962
10353
9284
3928
7395
12383
9027
7117
3894
5220
9387
8999
8656
7583
10385
1896
13375
12101
7208
11086
13078
5022
4696
4027
1669
1455
3119
2088
9313
6720
180
13185
2415
8613
3075
4230
8927
5853
7864
6657
8637
12145
9419
8310
3779
3911
5469
4416
11431
7154
3607
11740
12953
41
10237
5624
12647
4006
7922
8687
5366
2656
1444
7689
4503
8352
12752
9256
5867
2078
1348
11996
5783
12564
497
1937
9683
13263
6575
8623
8155
9644
9666
12828
4509
11423
6039
12776
6427
775
7080
5416
7221
13702
10252
13091
13636
4041
12159
1287
12012
8994
1043
2781
1495
11596
9205
3801
2914
10681
12126
9598
5386
3767
12836
1453
7533
3485
5075
2500
488
6038
4537
525
13339
10999
11651
11115
4977
13326
11269
10159
6719
10257
9467
13497
10510
3799
2478
7344
12362
13053
10096
10841
8849
7596
10668
5485
3288
8233
1193
6887
7531
6411
5053
5016
11335
12848
7868
3915
3699
4424
2536
8445
10399
13633
13048
1727
3720
13104
10656
7306
5060
11761
8761
7765
8511
12466
692
8185
3688
13431
4015
12870
6404
6190
1737
10103
4359
11166
11927
1546
11619
6691
1343
12491
9807
9011
9733
7828
927
11284
13399
4991
7399
3875
3873
7982
8655
4235
711
11241
587
6013
2918
4358
12851
13021
13287
390
12473
13831
11856
6109
12762
13438
5705
12876
12031
11239
7593
8534
10643
6134
4445
7953
6734
1667
5712
8641
5840
10572
3418
1947
6989
7296
499
4026
8002
4571
1464
826
5845
3778
7157
4988
4603
12833
13567
9518
6077
13755
10153
11045
12091
6278
5251
204
7454
3446
3414
8619
6576
9242
5986
3037
6949
1847
5742
1534
9702
4950
8643
6801
6470
989
3862
553
7848
14079
12404
13106
1478
3230
3650
9458
8710
7438
10448
7763
1340
4921
11594
12844
5112
4821
9198
6647
12779
5132
2086
11913
9151
8745
6652
6900
7627
5068
11832
3370
4770
8198
9244
241
13072
6428
1532
13756
11664
796
10601
9013
7134
3593
681
906
10081
1429
6502
4955
1677
2111
2368
13960
3092
9524
5105
11329
6203
6677
11964
625
5164
674
14089
7814
12316
6874
3541
685
4385
12791
4620
10647
6519
13151
1705
12393
5224
5015
11372
1643
13457
12794
8730
1372
7805
876
12867
3099
13876
925
1867
4669
7063
14108
6152
6670
14
8913
8610
8397
7019
8001
6359
11479
7775
8307
6042
845
12778
1834
4624
10150
10193
1206
12868
1760
12136
2749
11354
8774
7370
6776
4845
9364
8973
12644
4999
2727
2541
2161
3117
957
7786
7492
6552
1542
10887
11357
1108
11684
11320
12715
3126
9389
10888
9318
1386
5622
9412
14085
3579
6788
6753
2953
13823
13597
6808
12443
8436
12751
10148
5099
4201
10742
3944
5972
5497
9104
10458
12196
8777
1750
5167
12312
160
12458
8653
2964
1607
6917
13294
12256
6603
8758
2479
2392
11250
4838
11136
8049
6956
6930
618
4541
6189
4182
12987
4324
6533
11035
12422
7618
5079
10671
6998
13921
8984
8781
258
1549
8596
10606
6871
6972
9538
2585
9896
7754
8448
3332
7809
8274
12356
1416
6002
3381
6513
5475
4743
1700
2529
1758
9362
2722
10941
9279
6381
9276
1942
10835
7945
5323
6669
4786
7867
463
1236
12578
8285
7930
5606
5178
4351
4555
4754
10637
5179
9573
12793
8583
11666
1130
12676
5486
12450
7300
6556
3673
6655
199
5780
2360
4797
6375
7277
10579
5166
5405
9234
5581
6938
2308
7278
3553
3356
6752
10376
7356
7023
10585
7466
2299
896
2884
8877
3276
7701
13944
3606
5304
2971
13441
6641
1069
5283
11881
13333
6280
10050
4097
12565
1524
1270
4225
9324
11696
6707
838
13573
12178
13604
726
11083
8163
8338
11261
10599
7522
6434
5253
12697
12819
4808
5141
10436
350
5983
2519
8425
2261
13905
3685
13487
1498
11796
5675
8362
11458
14084
4944
5846
1671
429
4297
6096
5645
8344
1222
9841
4623
11815
7052
2767
9928
5700
56
3345
208
2350
5836
1493
425
8707
9589
10246
1683
5226
8288
1652
2563
4970
5454
6426
13244
7693
12429
9904
9724
6392
8248
13474
12299
10465
12660
8935
9510
9738
5898
8446
1887
336
2927
7846
10034
8097
2882
7505
4378
11924
9259
745
113
1080
947
2561
13462
8417
7529
257
2498
1361
10108
13184
1002
2002
5504
11006
3736
7026
132
4485
441
4514
11079
10678
6317
5811
8294
11244
5123
5814
5752
11899
13512
8189
5746
10602
3010
13796
12261
5256
12980
1311
8977
11876
1719
10756
10260
12066
7610
3763
3880
12904
8971
27
6798
491
8577
10211
13309
8985
4397
12138
2364
9337
11472
11044
2739
12147
6295
6523
4836
10820
9046
5425
8226
339
4557
8771
3993
9890
124
7146
3350
2659
2186
3284
7841
10182
9536
979
4684
10770
11958
1647
945
10446
7065
527
1379
6888
3464
1200
8659
8333
7252
9393
13108
887
3624
11061
8790
11841
8906
10480
9091
5225
6412
3762
7408
8474
6789
10976
5147
13352
7431
13085
4761
3876
6338
12026
792
2402
6168
9072
770
518
1665
4654
7565
3214
4277
2391
9831
193
751
11617
9496
2085
2464
8434
3980
9271
5433
9759
6675
3526
10740
9243
12396
6490
9935
13736
12486
409
582
696
10615
6764
12888
5321
9544
6395
11781
12222
1169
8080
11624
3459
594
1632
4956
3455
13040
6739
7259
2669
12517
3450
5435
10900
752
2166
182
3881
4715
3001
5925
1065
13439
657
148
712
369
23
1299
2176
8665
2520
6073
1211
4888
9347
2543
1204
8946
10483
12708
9219
8562
6045
10238
8888
8387
5199
10439
2978
4612
12116
3098
12792
2784
11922
2124
8458
8714
1779
1517
4145
3358
3068
6914
13757
9774
13564
11186
30
2568
7888
1239
2591
3746
12731
173
13444
3568
5349
6541
4087
6390
11728
8712
13890
817
1522
4248
11887
7811
493
7254
1012
2579
12211
12559
11436
982
5837
2653
8431
7087
6240
5096
7388
13837
8543
9253
4464
7244
1723
7921
3678
10712
198
1070
644
7895
10333
319
10143
8022
2947
13080
10070
10727
11559
12541
2137
2170
371
589
3132
8351
13627
13817
76
6828
7389
5491
2641
9514
8249
6623
10398
10935
5124
375
80
8255
8674
2410
13835
3086
7977
3221
8178
7295
5915
189
6051
13759
3215
13947
12275
3496
2296
4827
7744
958
11322
10371
6173
13442
8841
13734
6722
13093
8644
3432
6004
8149
2349
9086
1573
8021
9566
4044
12634
6450
13383
883
10370
1217
11543
7568
819
9968
5514
1959
7769
9643
13082
5186
4318
6017
9517
11453
3395
11446
7822
12463
7224
10274
12896
3476
6162
3128
4198
2889
13400
7507
3959
10638
10664
5891
8982
8209
10593
7083
2769
7916
7035
7963
4391
13978
5310
1088
12950
1081
13094
1148
1010
3000
12235
7758
7181
13436
8863
11216
261
4256
3627
7151
11506
1757
8847
10017
10932
7009
1794
3386
400
9487
3577
11028
10542
5703
6072
4488
6883
874
1970
6990
12270
5966
2706
8828
4679
3659
3695
11659
5584
12069
900
6199
9590
8162
9141
4409
5384
11828
2559
5477
4395
1124
635
7561
9057
4408
1991
10613
6441
7658
5816
7642
11456
9041
13327
6851
5803
4126
7271
13951
5976
8278
3508
5002
6868
12992
2152
3869
8421
9452
8812
3467
6361
2916
295
13637
3181
12510
12246
4725
6549
7981
10177
9449
2719
8199
2712
8617
7590
12207
660
2323
2782
6899
8554
12327
12820
10654
6679
13191
9647
10118
4355
6454
2311
277
4615
13541
7819
10100
294
7366
9903
6792
10774
12475
7241
10125
3851
11390
7539
3655
3879
11783
7476
1422
9827
4992
4517
11677
12581
1333
4439
1814
2620
3728
11956
8366
7997
6352
10306
6524
13361
6759
13236
12279
1450
1257
8225
843
149
3989
5694
11426
184
9804
930
1540
3250
6050
6439
3976
11574
13005
9561
10938
11169
6191
2270
6226
11302
264
3629
5854
2777
5081
10402
8170
13556
3355
4885
9054
13593
7301
2510
2668
1431
1553
2551
12526
10035
10248
10062
11854
7630
3787
8386
12194
11991
3770
4320
7771
9713
11984
3581
8019
13872
13478
51
6950
8418
13664
8238
8556
12656
7398
2190
2998
8477
6016
10349
1567
11219
8236
13121
8952
3664
168
2584
5059
424
13086
2877
3828
4617
10222
1380
4103
7821
10113
3871
8537
3482
3657
4354
14040
10069
11573
863
8839
13388
7746
2518
53
7460
13291
2421
6780
7144
13330
4349
5104
4042
5489
11642
13807
6146
3143
8424
1224
8389
12462
13181
4194
4348
13659
12605
3933
11912
11870
8694
7461
519
8911
2994
356
7506
13382
8764
11814
5937
9408
3651
59
9874
5874
12318
281
13513
3681
1689
3080
12280
5567
12937
9323
3917
7911
11837
13142
1289
10265
4401
11657
1586
7541
815
13653
1585
11644
7373
12471
8889
6113
2976
6099
3379
9705
11575
1420
5839
9294
2737
0
13127
4948
6517
5470
11084
10251
176
1033
13384
9391
1300
7619
10460
2682
6374
3333
6421
7045
2657
9668
1371
11572
5849
9995
4649
7179
11544
6941
536
13171
13228
13304
380
10893
13325
3679
7695
2966
11037
940
2910
2799
14029
14111
9289
10479
1071
11004
4530
7647
73
6443
3499
2879
7820
11989
1265
4772
12332
10924
11693
2079
10459
4985
10138
9367
10078
10235
10544
9257
13019
12193
13109
11282
1305
11600
3319
5351
13707
7150
455
6928
825
8218
10037
3244
2923
12796
6119
3456
13874
8679
10261
5089
10425
3074
2476
9221
7654
8148
8805
5706
4061
13035
8126
6200
4219
11137
1215
1458
1761
10716
12025
8451
6642
5107
13420
5272
6397
10256
11278
163
2284
10484
7510
6836
3693
5722
9278
4472
6318
3745
5500
645
12454
7257
1365
4859
898
10560
10036
4274
535
12128
6503
8639
8082
7833
8504
11536
1922
7293
12889
6499
11872
10682
2348
10102
6129
3492
266
4108
821
360
1513
962
2399
1932
8064
10578
8770
7550
10570
3670
13560
5862
10869
11279
12097
8332
9637
9651
10366
7066
9906
2339
9134
7230
12216
10110
5594
10512
12954
4591
12411
12537
2439
9056
3490
9121
12824
88
11904
2586
9146
8649
13378
4121
315
13258
11218
8383
12441
3443
5001
2255
2230
3298
1288
7862
11496
532
6667
4782
10505
3940
5650
4023
1337
7249
7641
6227
3359
6878
11460
5202
13059
11715
1178
5114
12865
13270
13686
13248
6724
11979
1235
12935
7106
5337
4616
7412
2205
13066
4374
9240
3816
7622
11193
1594
13821
3034
1609
7928
3118
12874
8592
9506
2654
5605
4906
3858
2913
8042
4477
13272
3062
1716
5211
8526
9895
8368
1997
7358
12148
3477
13698
3719
5441
10184
4379
10424
13476
426
4448
6012
2140
6704
12554
14091
7609
9274
9370
12162
6656
7432
9729
2817
8831
11895
9918
3849
13120
7585
13834
6258
5363
10802
7573
6882
11257
11211
6635
13095
7050
12394
7825
7951
8072
1994
5833
12971
9468
2006
1767
9436
2037
7307
9215
4600
12112
1907
10174
2898
12835
1064
7169
8075
7350
7429
12782
10478
1780
2034
1569
3891
14008
6053
12628
2056
9659
9508
1883
6065
4641
7481
10166
2052
13948
1859
13779
13778
11071
2229
5973
8956
11417
12428
2430
10807
1009
5652
10002
1894
14041
8106
12395
13915
13299
11945
1407
9497
10008
12302
13946
13715
12343
6731
14015
12430
7714
13934
6337
2277
1963
1995
13996
14096
14001
2903
4629
1802
3013
5544
7717
3028
13885
10449
6758
11701
9069
10170
2059
12447
1984
8878
10407
1406
2061
13983
5204
3202
2042
10165
9177
8622
10392
2076
9962
7646
11073
10202
6120
1936
2278
6332
2413
5387
10364
6387
4550
2030
10302
7588
13114
12724
7005
9500
6807
744
1870
4637
4319
11225
12366
7418
6925
7334
12972
1924
3038
14056
5527
1891
1330
11831
1391
3209
9959
13381
13369
10203
9776
6435
12133
14057
2627
5931
14014
7392
1931
8223
10282
1395
1411
7384
12087
13652
1572
7804
11074
14018
7556
9182
7779
4882
2486
8661
9949
4572
2071
5852
10162
9133
13342
2417
12492
12561
12137
10172
3193
5538
2017
8267
13111
2194
8045
2639
1776
12059
9330
11510
10950
9822
2233
13592
2025
9331
3610
12238
10809
1844
2050
10195
9794
10737
7774
6709
11042
8835
11509
7571
6818
3895
14076
7337
1404
10156
10243
6383
6063
10642
1413
13725
7364
3640
2058
2011
743
7428
11049
13918
7799
10679
2062
12970
14094
9961
11980
10171
3206
12061
1905
12164
7477
7656
13999
9626
10828
10389
2625
7168
12811
4625
8467
9743
14095
14043
1888
2227
4633
7681
13273
3204
3889
6555
2623
10064
10173
13507
14002
2000
2044
9820
7479
7517
8083
11057
4299
7557
13994
1742
9812
6244
10245
13527
14013
4951
9844
6632
11480
1385
13110
13728
1644
6924
13782
7374
506
5653
5535
13434
3144
8264
2228
10453
2635
11794
10985
9927
9681
8625
13525
2045
11126
6325
5258
7516
11068
10823
9211
1986
2057
13574
12648
9161
11205
9960
3810
8313
11652
10391
1874
13422
2046
11451
12808
1851
2066
6388
6501
1377
3021
11253
14088
10045
12345
2047
8330
6923
12968
9209
10851
12807
14118
9194
11114
10160
7443
1375
2133
13429
9756
6328
10204
3198
13529
1346
10540
13113
3027
13208
8681
11703
14071
13928
2026
9435
11167
9656
12926
3897
7719
2053
13873
14062
8595
11678
6323
2180
3208
10896
13997
14036
6037
9578
1899
2175
2020
13787
5072
10011
9913
2070
1782
2491
1861
11213
12809
11077
11265
8442
5452
11076
13939
8428
11464
5206
4065
3203
4300
13044
10304
1889
1925
11795
13188
6600
3197
5541
6922
14106
2232
12103
1885
10004
10627
9414
5654
6333
10167
1910
13015
1306
1895
4674
1409
13626
10420
13532
9623
10164
5532
5529
10788
12367
10660
3602
8035
746
7427
11002
12004
12963
1415
11499
1402
1412
14047
4651
2179
1390
13935
11190
13036
13783
13644
3044
1796
3537
6896
13175
2024
2480
8363
1397
12969
2031
12523
1399
13396
7511
5542
1923
10244
1625
1774
6854
12784
13116
14016
2049
8671
3896
9093
14070
4636
4631
13193
3207
2028
2038
12760
9696
4566
7513
7225
7378
9195
13178
3054
1398
2484
6257
14009
13785
12361
8349
2224
11072
2234
12134
12140
3124
13751
5543
3669
13993
5025
7801
10161
8291
2208
5526
5739
7803
13938
6683
7793
4546
6026
9802
2552
1784
1845
1773
1788
14063
13908
12610
6382
13568
12260
12967
9169
1933
8658
8699
9956
11682
12326
13612
12653
1389
6716
2048
2060
4952
1853
7797
1886
2429
2016
5740
5536
1911
12340
9950
2634
9963
7265
5023
14027
13374
6326
2454
11206
11549
2063
13118
1913
11532
13587
7996
2553
12008
2014
1309
14025
3101
9721
8589
4695
742
5741
1912
8410
13510
6602
13987
13735
9746
13689
12629
1935
7455
13661
13914
13850
14038
8509
5525
4185
8358
14081
2087
3018
2054
7514
9588
7515
2021
3081
13102
8144
1972
1803
11064
2075
11208
6330
13977
11917
9958
10301
6061
9269
7367
4273
5024
7170
8262
4635
10406
6331
13972
1832
11147
10507
2426
1826
4762
5540
13305
1783
11151
3205
13380
1393
3173
3898
2893
2636
1962
7993
5026
12520
5657
12966
9954
5530
9212
13897
9466
7792
9499
10010
13932
9753
8688
8318
7348
8266
12243
14005
7425
14007
6601
13583
2040
11127
1856
9798
12304
9952
9562
2901
9624
2804
1414
10502
13531
13969
5656
2027
1789
10903
2485
9351
1790
10620
1401
1876
1930
12961
4569
3195
1998
12068
14006
7783
10644
13943
13781
13209
7385
11069
6819
10576
7401
14004
11204
2067
2022
10521
1635
12921
3211
12515
2033
7682
11062
5743
13937
8993
503
7357
8600
12960
14048
11050
13332
8269
13526
10012
9208
8957
12964
2460
12344
1979
10895
13963
2420
13956
7680
11123
13931
1798
2317
8314
7493
6918
11494
3052
7716
6329
10826
7434
13784
3210
12895
2407
13878
507
2032
7844
2197
2239
13777
9210
11328
8074
2335
7381
7480
12959
12558
9202
14011
5531
13115
1368
13173
11314
2442
8361
1864
1357
5539
6514
12335
2412
13298
8597
7383
4986
1770
9332
1226
1294
3229
14101
8664
12923
2051
11507
9295
3065
9329
9657
1957
11075
6553
8588
12723
2029
2632
6322
13240
12337
9817
3899
2446
4585
9944
2043
2147
12153
2618
2424
11125
11429
12285
501
7870
13112
2235
6816
6131
14080
9333
12244
13395
5492
13998
2023
9172
7751
6678
11389
8076
1303
3611
1745
1988
11404
10865
9178
9498
1772
3058
6327
10115
10763
10007
11535
10006
2041
2231
13995
7567
6336
10005
8265
14058
4640
10009
1795
1982
3420
7359
2236
5969
9300
1792
12918
12806
13716
2009
1873
8312
13202
1663
8027
8667
11712
7616
8026
7790
7382
13530
5545
1877
11780
2065
2068
6108
7250
5716
4634
5533
2013
1396
4630
9811
2055
4830
1915
12426
2633
12154
14098
7802
5655
5626
6715
10409
9834
1943
5528
1766
2468
11683
13290
1950
13126
9833
13134
9799
9044
13092
5134
7795
1881
12810
4068
6711
1944
7478
2900
4067
9788
6713
13750
14042
8095
11676
8670
13717
3323
9622
12477
1571
10864
5537
11162
10408
11236
12341
1892
6105
3200
4627
9217
7798
13528
2906
11163
10972
12899
12400
7800
11316
1777
13902
13249
8107
12037
4316
1769
8316
2902
3076
11749
7995
8268
11773
13852
12322
2012
6712
2915
9334
13901
3167
5850
12965
6334
14037
9658
10281
9783
11055
11311
1312
13341
7796
